PER_ID,MPR_ACT
1000601,3
1000901,99
1001001,3
1001201,99
1002201,3
1003301,8
1003901,5
1005301,5
1005501,6
1005901,5
1006701,3
1006701,12
1006901,8
1008101,3
1008401,9
1008401,12
1008402,9
1008402,12
1008403,9
1008403,12
1010401,3
1011701,9
1015001,3
1015301,5
1015701,3
1015901,5
1017401,5
1018001,5
1018002,5
1018003,5
1018004,5
1018901,3
1020301,6
1020501,3
1020601,5
1020602,5
1021901,3
1023601,3
1024401,3
1024701,3
1024701,12
1026001,4
1026001,5
1026401,8
1027501,6
1028201,8
1032401,9
1032402,9
1032801,5
1034101,3
1034201,3
1035501,5
1038201,16
1038301,3
1039201,6
1040201,5
1041001,8
1041701,5
1043801,3
1044101,8
1045401,3
1046101,3
1048101,3
1049101,8
1049101,12
1049102,8
1049102,12
1049401,9
1049402,9
1050701,12
1051801,8
1051901,9
1052801,3
1053101,3
1053501,8
1054101,3
1055201,5
1055701,8
1055701,12
1056001,8
1059101,4
1059101,5
1060401,14
1061001,5
1062301,8
1062302,8
1062501,3
1062601,3
1063801,5
1065601,3
1066901,2
1067701,3
1067702,3
1069601,99
1070101,8
1072101,5
1072801,3
1073001,3
1074501,3
1075201,12
1075401,3
1077601,5
1078701,3
1078702,3
1079101,8
1080401,5
2000401,8
2001501,8
2003901,7
2004101,12
2004701,3
2004801,5
2004901,3
2005101,5
2005301,3
2005401,3
4000301,11
4000601,3
4000801,3
4000801,4
4001401,8
4001801,3
4001901,3
4001902,3
4002501,3
4002501,4
4002501,12
4003201,3
4003801,8
4004101,3
4004801,99
4004901,8
4005001,3
4005301,3
4005801,3
4005901,3
4006101,8
4006301,3
4006401,3
4006701,3
4007001,3
4007002,3
4007701,3
4008401,3
4010401,3
4010501,99
4010701,3
4010901,3
4011601,8
4011701,5
4011801,6
4011801,8
4011901,6
4012201,3
4012401,3
4012402,3
4012701,8
4013001,2
4013201,5
4015301,11
4015401,7
4015701,3
4016401,8
4016401,12
4016801,7
4016802,7
4016803,7
4016804,7
4017201,3
4017301,99
4017401,5
4017901,7
4018001,99
4018101,8
4019001,99
4019401,3
4019701,8
4019801,3
4019801,4
4021101,3
4021401,3
4021901,3
4022601,3
4022801,5
4023401,3
4024601,3
4024601,4
4024901,3
4024902,3
4025101,8
4025101,12
4025102,8
4025102,12
4025201,5
4025501,1
4025501,3
4025701,3
4026401,14
4027501,3
4027901,3
4031101,3
4032601,11
4032801,3
4033201,9
4033501,3
4034701,8
4034901,3
4035201,6
4036101,3
4036201,99
4036401,3
4036701,3
4039001,99
4039101,99
4039401,99
4039501,3
4040401,3
4040401,4
4040701,3
4042001,99
4042701,3
4043301,3
4044301,8
4044301,12
4045001,3
4045002,3
4045301,3
4045501,99
4045901,3
4047301,3
4047601,99
4048401,3
4048701,3
4049001,3
4050101,5
4052001,5
4052001,9
4052401,8
4054401,3
4054401,4
4054601,3
4054601,4
4055201,5
4055801,3
4056001,3
4058001,5
4058101,3
4058401,3
4058901,99
4059101,3
4059301,8
4059701,5
4060201,3
4060301,3
4061101,3
4061401,6
4062001,99
4062201,3
4062801,3
4063401,3
4063501,3
4063701,3
4063701,4
4064201,98
4064301,99
4064501,3
4064701,3
4065101,3
4065301,3
4065301,4
4066901,3
4067001,8
4067801,3
4068401,5
4069001,3
4069201,5
4069301,3
4069701,5
4069801,3
4070201,3
4070301,3
4071401,5
4071401,12
4071801,3
4071801,4
4071802,3
4071802,4
4072401,3
4072501,3
4073201,3
4073701,3
4073901,11
4073901,12
4074101,3
4074801,3
4075101,12
4075101,16
4075102,12
4075102,16
5000201,8
5002601,6
5002601,12
5002801,3
5003001,3
5004501,3
5005101,3
5005601,3
5005601,8
5005701,3
5005701,8
5006101,5
5007301,5
5007801,6
5008801,14
5009701,14
5009702,14
5009801,3
5010001,14
5011601,14
5011701,5
5015001,16
5015401,3
5015601,8
5015801,8
5015801,14
5017401,14
5018801,14
5020601,3
5024901,3
5025901,5
5030601,8
5031001,14
5032301,9
5033801,14
5033901,3
5034001,3
5036201,14
5036701,3
5036701,4
5036701,8
5037201,5
5037501,6
5037502,6
5041501,5
5042601,8
5043801,3
5044701,3
5045201,9
5045701,3
5045801,8
5046201,14
5046901,3
5047401,3
5047601,14
5048501,99
5048701,3
5049201,3
5049202,3
5049401,14
5049501,3
6001001,3
6001101,3
6001201,3
6001401,3
6001501,8
6001601,8
6002501,3
6002901,3
6003001,3
6003801,3
6004401,3
6004501,3
6004601,3
6004701,3
6005401,3
6005701,3
6006901,3
6007301,5
6008001,3
6008501,3
6008601,3
6008901,3
6009001,3
6009201,3
6009401,5
6009701,3
6010401,3
6010402,3
6010601,3
6010701,3
6011301,3
6011801,5
6012001,3
6012201,3
6012701,3
6012801,3
6012801,12
6013001,3
6013301,3
6013701,3
6013801,3
6013901,3
6014101,5
6014201,6
6014401,3
6014601,3
6015201,3
6015601,15
6015602,15
6016001,3
6016101,3
6016401,3
6016501,98
6016601,3
6017501,3
6017701,3
6018001,99
6018201,3
6018301,3
6018302,3
6018401,14
6018501,99
6018601,3
6019001,3
6019101,8
6019301,3
6019401,3
6019501,14
6019601,3
6019701,3
6019801,3
6020201,5
6020401,14
6020601,5
6020901,3
6021101,12
6021301,3
6022501,3
6022502,3
6022601,5
6023201,3
6023701,3
6024001,3
6024701,3
6024801,5
6025101,3
6025201,3
6025301,5
6025601,3
6026201,3
6026401,3
6027301,12
6027302,12
6027501,3
6029201,3
6029901,3
6030001,3
6030601,14
6030602,14
6030603,14
6030604,14
6031101,3
6031201,3
6031801,3
6032001,3
6032101,8
6032501,5
6032601,5
6033001,3
6033501,8
6033601,3
6033701,3
6033901,9
6034001,8
6034301,3
6034501,3
6034601,5
6034901,5
6035001,3
6035701,3
6035801,3
6036101,3
6036401,3
6036601,3
6036801,3
6037101,3
6037201,6
6037501,14
6037901,3
6037901,12
6038201,3
6038401,3
6038801,3
6039001,11
6039001,12
6039002,11
6039002,12
6039101,3
6040301,5
6041201,3
6041301,14
6041401,3
6041901,8
6042801,3
6043201,12
6043401,3
6043701,3
6043901,5
6044401,3
6044402,3
6044501,3
6044601,3
6045801,3
6046401,3
6046501,3
6046601,3
6046801,3
6047401,8
6047701,8
6048501,3
6048701,3
6049201,3
6049301,3
6049701,6
6051701,3
6052401,3
6052601,3
6053301,8
6053401,3
6053401,12
6053501,3
6053601,3
6053901,3
6054101,5
6054301,3
6054401,3
6054501,3
6054701,3
6054901,99
6055001,10
6055101,3
6055201,99
6055301,6
6055501,3
6056001,3
6056501,3
6056801,7
6056802,7
6057401,3
6057801,3
6058001,3
6058101,3
6058501,3
6058601,5
6058901,3
6059801,3
6060701,8
6060801,11
6061701,3
6062101,5
6062301,3
6062701,3
6063301,3
6063801,3
6064201,3
6064301,7
6064302,7
6064303,6
6064601,3
6065001,3
6066101,8
6067701,3
6067901,3
6068101,3
6068401,5
6069201,5
6070201,2
6070202,2
6070203,2
6070701,5
6071001,3
6071401,3
6071801,3
6072301,3
6072501,3
6072801,3
6073001,3
6073101,3
6073501,3
6073601,99
6074601,3
6074801,3
6075001,3
6075101,3
6075201,3
6075601,3
6075801,3
6076301,3
6076501,12
6077001,5
6077101,3
6078201,3
6079301,3
6079601,3
6079801,3
6080001,3
6081101,3
6081501,8
6081901,3
6082301,99
6082701,3
6083301,3
6084001,2
6084101,6
6084501,5
6084701,5
6085001,6
6085601,3
6085701,3
6085801,3
6086101,3
6086201,8
6086301,3
6086801,6
6086901,3
6087101,3
6087301,9
6087701,8
6087901,7
6087902,7
6089001,3
6090801,3
6091101,3
6091801,3
6092101,3
6092301,98
6092401,5
6092901,3
6093001,3
6093701,5
6093901,3
6094701,12
6094702,12
6094801,3
6096001,9
6096002,9
6096401,5
6096401,8
6097501,6
6097501,9
6097701,3
6097901,3
6098101,12
6098301,3
6098701,6
6098801,9
6099201,3
6099601,3
6100301,3
6100701,5
6100701,9
6101601,12
6101602,12
6102101,3
6102301,12
6102801,5
6103201,3
6103501,3
6103502,3
6103503,3
6103601,12
6104701,3
6104901,3
6105001,6
6105101,11
6106101,3
6106701,3
6107101,14
6107301,5
6108001,3
6108201,3
6108601,3
6111001,9
6111001,12
6111101,3
6111901,2
6112501,14
6113501,8
6114601,3
6115101,3
6115401,3
6115801,3
6116401,3
6116801,15
6117001,14
6118101,3
6118401,5
6118501,3
6118701,3
6119001,5
6119101,9
6119201,3
6119301,15
6120501,3
6122601,8
6122801,6
6123701,3
6123702,3
6123801,3
6124101,3
6124301,3
6124701,5
6124702,5
6124801,3
6124901,3
6125001,3
6125201,3
6125701,12
6125801,5
6125901,5
6125902,5
6126001,14
6126601,3
6126701,9
6126801,3
6126901,2
6127501,3
6127601,7
6128101,12
6128201,3
6128701,3
6129001,3
6129002,3
6129101,3
6129301,3
6129401,3
6130201,3
6130301,3
6131001,3
6131101,12
6132301,3
6132501,3
6133101,3
6133201,3
6133501,5
6134301,3
6134302,3
6134601,3
6134701,8
6134801,5
6134901,3
6135001,3
6135101,5
6135201,3
6135601,3
6135901,3
6136001,98
6136101,3
6136701,3
6137201,9
6137202,9
6137401,3
6137501,3
6137601,6
6137701,3
6137901,8
6137902,8
6138301,3
6138601,5
6138701,5
6139101,3
6139102,3
6139401,3
6139402,3
6139701,3
6139801,3
6139802,3
6139803,3
6140301,3
6140501,5
6141701,5
6142201,14
6143101,3
6143401,3
6143901,3
6144001,3
6144301,3
6144901,3
6145301,3
6146101,7
6146401,6
6146601,9
6147401,3
6147801,16
6147901,3
6148001,5
6148701,3
6149101,3
6149401,5
6150001,3
6150601,8
6151001,3
6151401,3
6152501,5
6153201,3
6153801,5
6154001,3
6154301,3
6154901,3
6155101,15
6155401,6
6155501,3
6155901,3
6156001,3
6156301,8
6156601,5
6156801,3
6157001,3
6157101,3
6157301,5
6158501,3
6158701,5
6158901,8
6159001,3
6159201,3
6159501,3
6159701,3
6160101,3
6160301,14
6160302,14
6160501,5
6160801,3
6160901,3
6161001,3
6161101,5
6161301,5
6161901,3
6162301,3
6162501,14
6162701,5
6162901,3
6163501,3
6163901,3
6165001,3
6165201,9
6165301,5
6165701,3
6165801,5
6165901,3
6166101,3
6166201,3
6166401,3
6166501,6
6166801,9
6166802,9
6167001,5
6167401,5
6168001,3
6168201,3
6168401,3
6169501,98
6170701,3
6171101,5
6171301,5
6171801,3
6171901,5
6172201,3
6172301,6
6172701,12
6172901,3
6173401,12
6173901,6
6174001,3
6174002,3
6174003,3
6174401,3
6174601,3
6174701,5
6175501,8
6175801,3
6176301,5
6176501,3
6176801,3
6177001,3
6177201,3
6177801,3
6178101,3
6179001,5
6179101,3
6179201,3
6179801,3
6179901,3
6179902,3
6180201,3
6180701,3
6180801,3
6180901,3
6181001,3
6181501,3
6181701,5
6181801,3
6182001,3
6182401,3
6182601,3
6183001,3
6183101,3
6183201,3
6183301,3
6183401,3
6183801,3
6183901,3
6184001,3
6184201,3
6185001,3
6185201,3
6185301,3
6185701,3
6185901,3
6186001,3
6186401,3
6186701,14
6186702,14
6187401,3
6188701,3
6188801,3
6189101,8
6189201,3
6189401,3
6189601,3
6189901,5
6191001,3
6191101,7
6191501,14
6192201,3
6192601,3
6192701,3
6192801,3
6193401,3
6193501,3
6193601,3
6194001,3
6195101,5
6195201,5
6195301,3
6195601,11
6195801,4
6195801,5
6197401,3
6197501,3
6197601,3
6197701,3
6197901,5
6198001,3
6198301,3
6198401,7
6199101,3
6199601,3
6200001,3
6200401,3
6200501,3
6200601,3
6200901,14
6200902,14
6201001,98
6201201,3
6201501,3
6201701,3
6202301,3
6202901,8
6202902,8
6203301,5
6203301,9
6203302,5
6203302,9
6203601,5
6203701,8
6203901,8
6203902,8
6203903,8
6204101,3
6204401,14
6205301,12
6205601,3
6205801,5
6205801,9
6206101,14
6206401,3
6206901,3
6207101,3
6207301,5
6207301,9
6207501,3
6208001,3
6208201,3
6208301,3
6208401,3
6208501,3
6208601,3
6208801,3
6209801,3
6210001,3
6210501,3
6211101,3
6211501,3
6211701,3
6211801,3
6212001,3
6212201,5
6212201,9
6212401,3
6213001,14
6213801,3
6214001,3
6214301,3
6214401,99
6214501,3
6214901,8
6215001,8
6215301,3
6215601,99
6215701,3
6215901,5
6216101,12
6216501,3
6216502,3
6216601,3
6216701,14
6216801,3
6217301,3
6217701,3
6217801,3
6217901,99
6219401,3
6219501,3
6219801,3
6220201,5
6221001,3
6222101,7
6222102,7
6222301,3
6222401,3
6222501,3
6222601,3
6222801,5
6223001,3
6223501,3
6224401,3
6224701,3
6224801,3
6224802,3
6224901,6
6225001,5
6225101,14
6225301,3
6225701,3
6225901,3
6226001,3
6226101,3
6226201,3
6226501,3
6227601,5
6227801,9
6228201,3
6228401,5
6228601,3
6228602,3
6228701,3
6228901,3
6229101,8
6229301,7
6229302,7
6229901,3
6230201,6
6230301,3
6230501,3
6230601,3
6230801,3
6231601,8
6232001,3
6232201,8
6232301,12
6232501,3
6232601,3
6233201,3
6233501,3
6233601,3
6233701,5
6234101,3
6234501,5
6234601,3
6235001,3
6235101,5
6235501,3
6235501,12
6235701,99
6235801,12
6236001,8
6236101,3
6236201,3
6236701,14
6236901,3
6237301,3
6237601,3
6238201,3
6238401,12
6238601,8
6238601,12
6238701,14
6238801,3
6239201,3
6239301,3
6239401,3
6240201,3
6240301,3
6240401,3
6240501,6
6240501,12
6240601,3
6241101,3
6241201,3
6241401,3
6241701,3
6241801,3
6241802,3
6241901,8
6241902,8
6242001,3
6242401,3
6242901,3
6243201,3
6243301,3
6243601,3
6243901,3
6244401,3
6244701,3
6244901,3
6245401,6
6246001,5
6246501,3
6246601,5
6246701,3
6246801,3
6247201,3
6247301,3
6247401,3
6247501,6
6247601,3
6247701,3
6248201,5
6248301,14
6248901,3
6249301,3
6249401,3
6249801,3
6250201,14
6250202,14
6250203,14
6250204,14
6250301,3
6250701,3
6250801,3
6250901,3
6251101,8
6251201,3
6252601,3
6252801,8
6253301,5
6253401,3
6254101,14
6254601,2
6255101,3
6255201,3
6255401,12
6255501,3
6255601,3
6255701,6
6255701,9
6255702,6
6255702,9
6255703,6
6255703,9
6255801,3
6255901,3
6256401,8
6256901,3
6257201,11
6257202,11
6257301,3
6257401,3
6257402,3
6257501,3
6257601,3
6258001,3
6258301,3
6259001,3
6259101,3
6259301,3
6259901,3
6260201,8
6260501,3
6260701,5
6260801,3
6261001,3
6261301,3
6261401,3
6261701,3
6262001,3
6262101,3
6262701,3
6263101,12
6263601,5
6263602,5
6263901,3
6264001,12
6264201,14
8000101,5
8001001,3
8001201,3
8001901,3
8002201,99
8002401,3
8003701,3
8004101,8
8004102,8
8004601,3
8005901,3
8006201,3
8006301,3
8006501,3
8007101,5
8007101,9
8007102,5
8007102,9
8007103,5
8007103,9
8008001,3
8008201,11
8009201,4
8009201,5
8009201,9
8009202,14
8009901,3
8010001,5
8010101,3
8010501,5
8011301,3
8011901,3
8011901,4
8012601,12
8014401,14
8014402,14
8014601,3
8014701,3
8015301,3
8016401,3
8017301,3
8017901,7
8017902,7
8017903,7
8018201,7
8018202,7
8018501,3
8020001,12
8020002,12
8020101,3
8020101,4
8020201,3
8020701,3
8021401,3
8021401,4
8021601,3
8021801,3
8022401,3
8022801,8
8024401,3
8024401,4
8025501,3
8026001,3
8026201,5
8026301,5
8026302,5
8026701,14
8027101,3
8027401,3
8027601,3
8027801,11
8028101,3
8028401,3
8029701,3
8029701,12
8030201,3
8030601,3
8031601,3
8031801,3
8034801,8
8034901,3
8035001,4
8035201,3
8035201,4
8035301,8
8035601,3
8035801,3
8036201,3
8036202,3
8036203,3
8036901,5
8037001,6
8037101,3
8038201,3
8038401,9
8038402,9
8038701,5
8039501,5
8039801,14
8039801,5
8039801,12
8039802,5
8039802,12
8039802,14
8039803,5
8039803,12
8039803,14
8040301,3
8040302,3
8040401,3
8040701,3
8040801,3
8040801,4
8041401,3
8041801,3
8042701,3
8042801,3
8042801,4
8043001,5
8043401,14
8043401,11
8043601,3
9000401,3
9001301,3
9001601,8
9002001,3
9002901,12
9004601,3
9004801,3
9004802,3
9005201,3
9005701,3
9006201,8
9007301,3
9007501,3
9008101,8
9008301,9
9009201,3
9009801,9
9010901,99
9011001,8
9011001,12
9011301,6
9012001,2
9012701,99
9013101,4
9013101,5
9013301,3
9013401,9
9013401,14
9014101,6
9014101,9
9014501,9
9014701,7
9015801,99
9015901,14
9016901,98
9018101,3
9019001,3
9019002,3
9019201,3
9019601,6
9019701,2
9019702,2
9019703,2
9020101,3
9020401,99
9021001,5
9021101,98
9021201,99
9022101,3
9022201,3
10000101,3
10000501,14
10000601,3
10000801,3
10001401,3
10001801,3
10002501,8
10003001,3
10003101,3
10003401,3
10003701,6
10004201,2
10004301,5
10004401,5
10004601,3
10005101,3
10005601,3
10006001,3
10006002,3
10006601,3
10006701,3
10006702,3
10007301,6
10007302,6
10007801,3
10008501,3
10008601,3
10008901,6
10009401,3
10009501,3
10009601,3
10009701,3
10010001,3
10010101,3
10010701,3
11000301,3
11000501,3
11000701,3
11000901,99
11001101,7
11001301,99
11001401,3
12000501,8
12000601,5
12000901,3
12001301,3
12001501,3
12001901,3
12002201,3
12002301,3
12002501,7
12003301,3
12003601,3
12003701,3
12004101,3
12004501,3
12004701,8
12004801,15
12005101,3
12005201,14
12005202,14
12005401,3
12006201,5
12006401,3
12006901,3
12007001,12
12007401,3
12007901,3
12008201,3
12008801,3
12009001,5
12009101,3
12009201,8
12009601,5
12009602,5
12010401,6
12011901,3
12012201,99
12012501,12
12012601,5
12012602,5
12013201,3
12013301,3
12013901,5
12014501,5
12014701,5
12014801,5
12014901,3
12015101,3
12016001,3
12016301,3
12017101,5
12017501,3
12017701,3
12019001,3
12019201,3
12019301,9
12019302,9
12019303,9
12019401,6
12019501,9
12019501,12
12019801,5
12020001,3
12020101,5
12020301,5
12021001,12
12021001,8
12021002,8
12021002,12
12021003,8
12021201,8
12021901,7
12022101,3
12022701,6
12023601,5
12024501,3
12024601,3
12024701,8
12024801,8
12025101,3
12025301,3
12025501,3
12025601,3
12026001,3
12026201,5
12026401,5
12026501,3
12026502,3
12026503,3
12026601,3
12026801,3
12027001,3
12027601,3
12027701,8
12028801,15
12029301,3
12030201,5
12030501,8
12031101,8
12031601,3
12031901,5
12032001,3
12032101,3
12032201,3
12032401,3
12032501,3
12032502,3
12033001,3
12033002,3
12033101,7
12033201,3
12033401,5
12033701,3
12033801,3
12034101,6
12034301,3
12034501,3
12034801,3
12034802,3
12036201,3
12036901,3
12037101,5
12037401,3
12038001,5
12038801,3
12039401,3
12040401,8
12040501,3
12040801,3
12040901,12
12040902,12
12041801,3
12041901,3
12042301,5
12042601,5
12042701,5
12043101,98
12043102,98
12043301,3
12043501,3
12048101,5
12048601,3
12049201,5
12049401,5
12050301,8
12050501,5
12051001,5
12051701,3
12051801,15
12051802,15
12052001,5
12053001,3
12053201,9
12054001,3
12054801,3
12054901,2
12055401,3
12055501,2
12055501,9
12055601,3
12056301,9
12056401,3
12056701,8
12058001,3
12058201,5
12058301,9
12058801,3
12058901,3
12059101,7
12059102,7
12059201,3
12059202,3
12059801,12
12059802,12
12060001,3
12060201,5
12060202,5
12060601,5
12062501,8
12062901,3
12063101,3
12063102,3
12063301,3
12063501,3
12063601,8
12063901,3
12064001,5
12064002,5
12064601,3
12065301,3
12065401,8
12065601,3
12065701,3
12065801,3
12065901,3
12066401,3
12066402,3
12066601,2
12067701,6
12067801,3
12067901,5
12068101,3
12068201,3
12068601,3
12068701,2
12069001,5
12069101,3
12069201,3
12069701,3
12070001,3
12070101,3
12070201,3
12070301,3
12071001,5
12071501,3
12071901,8
12072101,7
12072901,8
12073801,8
12075301,3
12076101,3
12076301,3
12077001,3
12077201,5
12077701,6
12077801,3
12077901,5
12078501,3
12079001,3
12079601,3
12079701,14
12079702,14
12079901,8
12080901,99
12081101,3
12081801,5
12082401,3
12082501,5
12083501,3
12083601,3
12083701,3
12083801,9
12084701,3
12084901,5
12085001,3
12085101,6
12085201,3
12085501,3
12085601,3
12085901,3
12086201,3
12086401,3
12086701,3
12086702,3
12088301,5
12089701,9
12090101,5
12090801,8
12090901,3
12091301,3
12092001,3
12092401,3
12092501,15
12092502,15
12093001,3
12093601,3
12094201,3
12094301,15
12094401,6
12094501,3
12094601,3
12094701,3
12094702,3
12094801,8
12095001,3
12095101,3
12095401,3
12096101,8
12096901,3
12097101,5
12100601,3
12100701,8
12101701,3
12102001,3
12102901,8
12103301,3
12103501,99
12105401,3
12106501,7
12106502,7
12106503,7
12106504,7
12106601,7
12106602,7
12107001,8
12107701,9
12107702,9
12107801,3
12107901,3
12108201,9
12108301,9
12108601,3
12108701,3
12108801,2
12109501,3
12110001,3
12110101,5
12110102,5
12112301,3
12112401,3
12112402,3
12112501,7
12112601,5
12113001,3
12113701,3
12113901,3
12115301,3
12116201,3
12116301,3
12116401,8
12117001,3
12118201,5
12118301,8
12118701,3
12118901,6
12119901,5
12121601,7
12121801,3
12122101,3
12122201,8
12122301,12
12122401,8
12122401,12
12123101,3
12123701,3
12124001,2
12124002,2
12124401,8
12124601,3
12124701,5
12125301,3
12125501,3
12126101,99
12126401,3
12126501,5
12126701,3
12127001,14
12127701,99
12127801,3
12127901,3
12128001,3
12128201,3
12128901,3
12129301,98
12129401,8
12130101,3
12130401,3
12130801,3
12130901,3
12131101,3
12131201,3
12131601,3
12132001,3
12132101,5
12132401,5
12132402,5
12132701,3
12132801,5
12133401,3
12134401,3
12134801,3
12135101,5
12135201,3
12135501,3
12135701,3
12136701,15
12137001,8
12137101,8
12137501,6
12138401,3
12138501,3
12138801,2
12139801,3
12140501,3
12140901,5
12141001,3
12141301,5
12141901,3
12142001,3
12142201,3
12142301,15
12142801,3
12144101,3
12144501,3
12145301,8
12145601,3
12145701,5
12145901,12
12146001,8
12146001,12
12146501,3
12146701,5
12146702,5
12147201,3
12147501,3
12147801,3
12147901,6
12148301,8
12148301,14
12148501,5
12148801,3
12149101,99
12149601,3
12149801,3
12149901,3
12150101,3
12150601,3
12151301,8
12152101,14
12152701,5
12152702,5
12154001,5
12155101,5
12155601,3
12156101,3
12156301,3
12156401,2
12156801,3
12157101,12
12157102,12
12157103,12
12157104,12
12157105,12
12157501,9
12157701,8
12157801,3
12158101,5
12158201,5
12158401,3
12158601,9
12159501,3
12159601,8
12160001,3
12160701,5
12161201,3
12163301,3
12163701,3
12165001,8
12165301,8
12165401,3
12165501,5
12166001,9
12166101,12
12166201,8
12166401,3
12166801,99
12167201,3
12167201,12
12167301,5
12167401,3
12169201,3
12170301,8
12170401,3
12170501,15
12170502,15
12171201,5
12171501,12
12171601,3
12171602,3
12171701,8
12172001,3
12172401,3
12173601,8
12173602,8
12174101,2
12174201,5
12174301,5
12174601,3
12174701,3
12174901,3
12175101,3
12175201,6
12175501,5
12175701,3
12175801,5
12176101,14
12176201,8
12176401,3
12176701,3
12177001,8
12177101,3
12177201,3
12178301,3
12178302,3
12178801,3
12179201,7
12179601,8
12179601,12
12179701,3
12180001,8
12180101,3
12181401,3
12181501,8
12182101,3
12182901,3
12183101,3
12183201,8
12183401,3
12183801,3
12183901,3
12184401,8
12184501,8
12184501,12
12184801,6
12186001,3
12187001,7
12187301,3
12187901,3
12188601,3
12188801,7
12188901,8
12189801,3
12190101,3
12190201,3
12190301,3
12190601,5
12190801,3
12191001,3
12191101,5
12192301,8
12193201,8
12193501,3
12194201,3
12194301,3
12194801,3
12195001,99
12195301,3
12195401,6
12195501,3
12195901,9
12196101,3
12197101,3
12197301,6
12197801,3
12197901,3
12198301,3
12198701,3
12198702,3
12199301,3
12199601,3
12200101,3
12200201,3
12200401,3
12200501,3
12200601,3
12200901,8
12201601,6
12202101,3
12202201,3
12202701,3
12202801,3
12202801,12
12203201,3
12203901,3
12203902,3
12204101,8
12204201,3
12204301,3
12204401,3
12204801,3
12205201,3
12205701,3
12206101,5
12206901,3
12207401,3
12207501,3
12208401,3
12209701,5
12210201,8
12210301,5
12210401,3
12210501,3
12210601,8
12210801,12
12211601,3
12212101,3
12212501,5
12212601,6
12213401,5
12214501,3
12214701,7
12215301,3
12215401,3
12215701,3
12215801,3
12216301,3
12216501,8
12216601,3
12216801,8
12217301,6
12218001,3
12218101,3
12218201,3
12218301,8
12218701,3
12219101,3
12219501,3
12219701,8
12219801,9
12220501,5
12220701,2
12220801,3
12220802,3
12221001,3
12221101,3
12221501,3
12222001,7
12222301,6
12222501,5
12222901,3
12223701,3
12223801,5
12224101,3
12224201,3
12224401,5
12225101,3
12225201,3
12225501,3
12225701,3
12225801,3
12226101,3
12226201,3
12226401,8
12226501,3
12226601,3
12226602,3
12227601,7
12227901,3
12228101,3
12228301,3
12228401,8
12228501,3
12228701,3
12228801,14
12228802,14
12228803,14
12228804,14
12228805,14
12229101,3
12229201,6
12229301,3
12229401,3
12230101,3
12230401,3
12230601,3
12230801,3
12231001,3
12231201,5
12231801,3
12233201,3
12233301,12
12233401,5
12233501,3
12233901,6
12234301,3
12234601,3
12234701,3
12234801,3
12234901,3
12235001,3
12235301,5
12235401,7
12235501,3
12235701,3
13001901,5
13002101,5
13002801,8
13002801,12
13003201,5
13003701,3
13004201,3
13004301,3
13004401,15
13004402,15
13004403,15
13005001,3
13005601,3
13006101,3
13006201,99
13006301,3
13006701,10
13007101,12
13007102,12
13007301,5
13007301,4
13007501,3
13007502,3
13007701,5
13007901,3
13010601,5
13011001,5
13013101,98
13013301,3
13013401,14
13013801,3
13014101,3
13014401,3
13014801,3
13015001,3
13015701,5
13016301,5
13016701,5
13017801,5
13018301,3
13020101,8
13020101,11
13020101,12
13020401,11
13021201,8
13021501,3
13023201,98
13023701,3
13024801,8
13025301,5
13026201,3
13027101,3
13027901,8
13027901,12
13030801,3
13032801,3
13032801,12
13033501,8
13033801,3
13034901,14
13035101,8
13035501,3
13035701,3
13035901,3
13036401,6
13037501,3
13037502,3
13038201,3
13039901,3
13040001,3
13040401,3
13041401,3
13041801,5
13041901,5
13044401,6
13045201,3
13046601,3
13049301,3
13050801,9
13050801,3
13051101,5
13051101,9
13053201,3
13054001,9
13054001,14
13054002,9
13054002,14
13054003,9
13054003,14
13054101,3
13054701,8
13055901,3
13056401,5
13058301,3
13058501,5
13059201,5
13059301,3
13059601,3
13059701,3
13059901,3
13060101,5
13060102,6
13060103,6
13060601,3
13060701,12
13061601,14
13062601,16
13062701,3
13062901,6
13063201,5
13063202,6
13063203,6
13066001,9
13066001,12
13066801,3
13068301,5
13068302,5
13068501,8
13069101,8
13069401,12
13070201,5
13070301,3
13071301,3
13071302,3
13073401,3
13074201,3
13076401,3
13077001,3
13077101,3
13077701,5
13078001,3
13079501,8
13081001,8
13081401,3
13082701,3
13083101,8
13083801,5
13084001,3
13084701,8
13085201,6
13085301,5
13086401,8
13086501,3
13086701,3
13086701,11
13087101,3
13087301,6
13088101,3
13088301,3
13088601,9
13090101,5
13090401,3
13090501,3
13090601,3
13090801,3
13092401,8
13093201,3
13093301,14
13093501,3
13095001,8
13095001,12
13095101,2
13095101,12
13095201,9
13095401,8
13095401,12
13095601,3
13095701,9
13096001,10
13096001,12
13096002,10
13096002,12
13096901,3
13097001,3
13097201,5
13097401,3
13097901,3
13098001,3
13099401,3
13099601,5
13099801,9
13100201,2
13100301,14
13102201,3
13102301,8
13102501,5
13102801,12
13103101,2
13103301,3
13103401,3
13103601,14
13104401,5
13105001,5
13105601,3
13105701,3
13105901,8
13106001,8
13106601,3
13107401,3
13107701,8
13108101,8
13108201,5
13108601,14
13109001,3
13109301,3
13109302,3
13109501,3
13109701,3
13110201,3
13110601,3
13110701,8
13110801,3
13110901,99
13111101,12
13112501,5
13112901,11
13113001,6
15000101,3
15000301,3
15001201,7
15001501,3
15002001,3
15002401,3
15003001,9
15003002,9
15003003,9
15003004,9
15003005,9
15003501,5
15004701,99
15004901,3
15004902,3
15005101,8
15005401,12
15005801,5
15005801,9
15006201,3
15006801,14
15007301,3
15007601,3
15007701,3
15007801,9
15007901,3
15008001,9
15008401,3
15008801,8
15009801,3
15010001,5
15010001,9
15010002,5
15010002,9
15010301,8
15010801,9
15010801,2
15010802,2
15010802,9
15011001,3
16000101,8
16002401,3
16002501,5
16002701,5
16005301,3
16008001,14
16008101,3
16008201,9
16008801,3
16009201,8
16009201,9
16012201,3
16012801,3
16014101,3
16014701,3
16015001,5
17001101,6
17002001,3
17003201,3
17004301,12
17004901,8
17005401,8
17005601,5
17006001,3
17007301,3
17007302,3
17007701,3
17008101,3
17008401,3
17008801,2
17009101,3
17009401,5
17010001,3
17010301,3
17010701,3
17010901,3
17011201,3
17012401,3
17013401,8
17013501,8
17013701,3
17013801,10
17015601,3
17015701,5
17016101,8
17016301,5
17016801,2
17017001,3
17017501,3
17018901,11
17019301,8
17019701,3
17019801,3
17019901,14
17022801,3
17023001,3
17024601,3
17024901,3
17025001,3
17028601,9
17028602,9
17028603,9
17028604,9
17028901,7
17030601,11
17031001,3
17031701,3
17031801,3
17033201,3
17033301,4
17033301,5
17033801,5
17035101,3
17035301,8
17035302,8
17035701,7
17036501,98
17036601,3
17038501,8
17038502,8
17038601,5
17039001,3
17039801,3
17040601,3
17040901,8
17041501,3
17041502,3
17042501,3
17043601,12
17044901,3
17045601,5
17046701,3
17047401,5
17047801,3
17047901,6
17048901,3
17049301,2
17050001,3
17051401,8
17052001,3
17053601,3
17054801,5
17054901,3
17056201,3
17056301,3
17056501,9
17056701,8
17057101,8
17057801,3
17058101,3
17059701,7
17059702,7
17059703,7
17059704,7
17060201,3
17060301,3
17062001,3
17062601,3
17062701,3
17062801,3
17063501,14
17063601,3
17063801,7
17064101,3
17064201,3
17064301,3
17066001,6
17066201,3
17066401,3
17066601,3
17067001,5
17067101,3
17067701,3
17067901,5
17068201,5
17069401,3
17069901,5
17070001,3
17070701,3
17070901,3
17072901,3
17073401,3
17074001,5
17074101,9
17074301,5
17074601,14
17074801,3
17075101,3
17076001,5
17076101,5
17076301,3
17076401,3
17076801,5
17077101,5
17077201,9
17077201,12
17077701,3
17077801,3
17077901,3
17078301,3
17078301,12
17078401,3
17079501,3
17079801,3
17080401,3
17080501,7
17080801,11
17081301,14
17081501,3
17082101,3
17082801,3
17083001,99
17083101,5
17083501,99
17083701,3
17083801,11
17083901,3
17084401,3
17084501,6
17084601,3
17084602,3
17085001,99
17086201,3
17086501,3
17086701,6
17086702,6
17087101,3
17088501,3
17088901,8
17090401,8
17090501,3
17091401,3
17091701,3
17092101,99
17092401,99
17092501,3
17092502,3
17092601,3
17092701,3
17092901,7
17093001,3
17093101,3
18000101,3
18001501,3
18003601,3
18004501,3
18004801,5
18007101,3
18007301,12
18007302,12
18007601,5
18007901,5
18008401,3
18008501,3
18008601,3
18008801,5
18009301,3
18009302,3
18010801,5
18010802,5
18010803,5
18010804,5
18015601,5
18015701,3
18016901,3
18017601,15
18018201,3
18019601,5
18020101,5
18020102,5
18020103,5
18020104,5
18020105,5
18020106,5
18020501,3
18020801,3
18021401,12
18021901,6
18022901,5
18025601,5
18025801,3
18027101,5
18027102,5
18028601,5
18028801,3
18028901,5
18031201,3
18032701,3
18032801,12
18032801,9
18033801,3
18037501,5
18037502,5
18037503,5
18037504,5
18038501,9
18041101,5
18042101,5
18045201,3
18046301,3
18047201,8
18048501,3
18048601,3
18048801,9
18048801,12
18048901,5
18049601,3
18049901,3
18050901,3
18051701,3
18052401,9
18053001,3
18054701,8
18055501,8
18055801,9
18055801,11
18055901,5
18057401,6
18057701,3
18057702,3
18058301,3
18058901,3
18060501,12
18061701,8
18064101,14
18065401,5
18065701,9
18065801,3
18066101,3
18067301,6
18067601,3
18067701,12
18067702,12
18068501,5
18069601,7
18069602,7
18070801,5
18071401,5
18071801,3
18072101,3
18072401,15
18072402,15
18074101,5
19003401,3
19004401,3
19005101,3
19005701,12
19008401,3
19008801,99
19009501,3
19012101,5
19012201,5
19018701,9
19018801,8
19020401,8
19020601,3
19020801,99
19020802,14
19020803,14
19021101,16
19021901,5
19023501,5
19025301,3
19025901,3
19026601,3
19027501,3
19032001,3
19033101,3
20000101,8
20000201,3
20000202,3
20002601,99
20002901,9
20003001,3
20003101,3
20004501,12
20004501,3
20004601,3
20004701,10
20004702,10
20007901,3
20008101,3
20008601,4
20008601,6
20009801,5
20009801,8
20012101,5
20013701,14
20013801,14
20015601,10
20016301,3
20018601,14
20020101,5
20021801,8
20027101,3
20027102,3
20027601,6
20028501,12
20028502,12
20029201,8
20029201,12
20029801,3
20031001,3
20031101,3
20032001,8
20032501,14
20032601,3
20033001,12
20033101,3
20033601,3
20034401,3
21000401,8
21001301,9
21002001,5
21002301,3
21003101,8
21007101,3
21007501,9
21007501,12
21007502,9
21007502,12
21007901,6
21008801,16
21011301,3
21011901,14
21012601,99
21014901,12
21015901,3
21016101,3
21016701,8
21017001,14
21017002,14
21017003,14
21018101,3
21022801,8
21023201,3
21024301,3
21027101,12
21027401,3
21028301,16
21028501,6
21029601,8
21032401,16
21032402,16
21032403,16
21033501,3
21033601,8
21034401,3
21034501,9
21035901,12
21037901,98
21038001,16
21038601,16
21040101,3
21042501,12
21042801,3
21043801,3
21044301,16
21044801,5
21045301,3
21045701,6
21047701,14
21047701,8
21048201,3
21048901,5
21049301,3
21052601,12
21052601,8
21052602,8
21052602,12
21054201,3
21054601,3
21054701,11
21055801,5
21060201,3
21061801,3
21062101,12
21063701,3
21064501,8
21064501,12
21064801,3
21065501,3
21066001,16
21066401,98
22000901,3
22001501,3
22001901,3
22003201,8
22004301,6
22004901,5
22005401,3
22005601,3
22006001,9
22006101,5
22006102,5
22006301,3
22006401,8
22006801,8
22006901,14
22007101,5
22007301,8
22008101,8
22009001,5
22009101,3
22009601,8
22010701,3
22011301,5
22011701,3
22012501,3
22013001,2
22013701,7
22015301,5
22015401,99
22015601,3
22016201,99
22016701,12
22017101,3
22017201,3
22018301,3
22018501,9
22018501,5
22019201,12
22019601,8
22019601,12
22019701,8
22019901,5
22020801,5
22021501,12
22022301,8
22022601,5
22022701,5
22023201,2
22023501,16
22023601,3
22023801,5
22024001,5
22024901,8
22025201,99
22025301,99
22025401,8
22025601,14
22025701,3
22027901,3
22027901,12
22027902,3
22027902,12
22029001,3
22029301,3
22029501,14
22029501,11
22029601,8
22030401,12
22030401,9
22030701,5
22031301,8
22031401,99
22032401,5
22032601,6
22033501,3
22033701,3
22034001,4
22034001,7
22034501,16
22034601,8
22035001,9
22035201,8
22035201,12
22036001,3
22036101,11
22036201,5
22036301,9
22036901,3
22037401,5
22038001,9
22038001,12
22038101,9
22038901,11
22039001,5
22039002,5
22039201,5
22040001,2
22040301,3
22040501,6
22041201,14
22042001,8
22042101,5
22042401,5
22042901,3
22043201,3
22043202,3
22044001,3
22044301,9
22044601,9
22044801,12
22045201,8
22045801,5
22046901,5
22047201,5
22047401,16
22047801,5
22048001,3
22048101,16
22048201,6
22048301,8
22048401,8
22048701,3
22048901,3
22049101,3
22049201,5
22049501,3
22049701,3
22051101,3
22051201,3
22051201,2
22051301,8
22051501,8
22052301,9
22052801,5
22053101,16
22053501,8
22053901,3
22054001,3
22054201,5
22054401,2
22054701,8
22054701,12
22055301,3
22055501,3
22055701,8
22057001,8
22057001,12
22057501,3
22058601,99
22058701,99
22059001,3
22059401,8
22059701,3
22060401,9
22060601,6
22061001,3
22061701,16
22062701,3
22063801,99
22064001,12
22064001,8
22064201,3
22065001,14
23002501,7
23005301,3
23007001,3
23008101,3
23008901,8
23011001,7
23011201,7
23013401,3
23014401,5
23015101,3
24000101,3
24000201,14
24001001,8
24001002,8
24001101,3
24001201,12
24001301,3
24002201,2
24002202,2
24002401,5
24003201,3
24003701,3
24004001,8
24004201,3
24004501,3
24004601,3
24004901,3
24005201,3
24007701,3
24008601,3
24009201,3
24009401,8
24011401,98
24012201,3
24012401,3
24012801,12
24013801,1
24013901,3
24014401,8
24014801,3
24015201,3
24015401,5
24016401,3
24016901,3
24017301,3
24017401,3
24017601,3
24017901,5
24017901,8
24018001,3
24018101,3
24018201,8
24018401,3
24018901,3
24019501,8
24020301,3
24020501,3
24020601,3
24021401,3
24021601,3
24021801,3
24022001,9
24022001,12
24022002,9
24022002,12
24022003,9
24022003,12
24022004,9
24022004,12
24022601,3
24023401,3
24024101,3
24024801,5
24024901,3
24025201,8
24025901,6
24026001,98
24026601,3
24026901,99
24027701,9
24029501,12
24029601,3
24030601,3
24031101,8
24031801,3
24032101,3
24033101,3
24034201,12
24035201,3
24035301,6
24035501,3
24037101,8
24037102,8
24037301,3
24037401,3
24037901,3
24038101,3
24038301,3
24038401,5
24038801,9
24038901,3
24039001,3
24039101,3
24039301,3
24039501,3
24039701,3
24039801,3
24040301,5
24040601,3
24040701,5
24040701,9
24040801,5
24041001,3
24041301,3
24042801,5
24042901,8
24042901,12
24043101,7
24043201,3
24043401,12
24043402,12
24043701,3
24044101,3
24045001,3
24045501,3
25001301,12
25001401,3
25001701,3
25001901,3
25002001,14
25002101,3
25002102,3
25002201,3
25002301,3
25002801,98
25003901,3
25004401,3
25004701,3
25004801,3
25005601,3
25005801,3
25006501,8
25006601,7
25007001,3
25007101,3
25007501,5
25007801,14
25007901,3
25008201,3
25008301,3
25008302,3
25008601,8
25008901,14
25009501,3
25009502,3
25010901,3
25012201,8
25014601,8
25015501,3
25016201,3
25016501,3
25016502,3
25017701,3
25017702,3
25017801,3
25018001,3
25018501,3
25018601,7
25018602,7
25018701,3
25018801,6
25018901,3
25019001,5
25019301,3
25019701,3
25020201,8
25020301,3
25021101,3
25022001,3
25022201,3
25022301,3
25023201,3
25024401,5
25025201,3
25025301,3
25025701,3
25025801,3
25025901,6
25026101,3
25026201,3
25026501,3
25026502,3
25026601,5
25026701,3
25027101,9
25027601,3
25027701,3
25027801,3
25027901,6
25028001,3
25028401,3
25028501,5
25028701,3
25030001,5
25030701,5
25030901,98
25031001,3
25031201,3
25031401,14
25031601,3
25032201,3
25032301,98
25032501,3
25032601,2
25033001,98
25033101,5
25033201,3
25033501,98
25033502,98
25033801,98
25033901,98
26000401,3
26000901,3
26001601,3
26001701,99
26002701,3
26003201,5
26003901,3
26004001,3
26004701,8
26005301,3
26005302,3
26005401,3
26005501,3
26005701,3
26006001,8
26006002,8
26006101,8
26006201,5
26007201,12
26008101,3
26008401,3
26008901,99
26009201,3
26010001,3
26010201,3
26010202,3
26011101,8
26011102,8
26011301,7
26012701,8
26013501,8
26017201,3
26018501,8
26019501,8
26019502,8
26020201,3
26021001,10
26021001,12
26022901,3
26023001,5
26024301,3
26025901,6
26026101,5
26026102,5
26026103,5
26026104,5
26027501,3
26028801,5
26029601,99
26029901,8
26030301,14
26030302,14
26030303,14
26030304,14
26030601,3
26031801,3
26032501,8
26034001,5
26034201,8
26035101,3
26035301,8
26037001,3
26037101,3
26038101,8
26038301,14
26038701,3
26038701,14
26039201,9
26039201,5
26039202,5
26039202,9
26039401,3
26039801,3
26040301,7
26040501,3
26040701,8
26040701,14
26040801,5
26040901,3
26041101,3
26041401,8
26041601,9
26042001,5
26042401,3
26042901,3
26042902,3
26043001,5
26043002,5
26043101,5
26043401,8
26044201,99
26044301,12
26044801,6
26045101,5
26046601,8
26047301,3
26047501,3
26047801,3
26047901,3
26048101,3
26048301,8
26048401,3
26048401,14
26050501,3
26054401,3
26054501,3
26054601,3
26055501,5
26055901,5
26056001,3
26058301,99
26058401,3
26058801,99
26059101,5
26060001,5
26061801,3
26062401,3
26062501,5
26063301,3
26064001,8
26064601,5
26064602,5
26064603,5
26064604,5
26065001,3
26065701,8
26067401,14
26067501,3
26067601,8
26067901,8
26068001,3
26068301,3
26068701,98
26068901,8
26068901,12
26069801,5
26070001,3
26070501,3
26070601,3
26070701,99
26071501,5
26071701,8
26071901,99
26073401,3
26073501,5
26073601,12
26073801,14
26074001,12
26074002,12
26074003,12
26074101,3
26074801,8
26074901,3
26075001,3
26075401,3
26076201,5
26076301,12
26076302,12
26076501,8
26076502,8
26076503,8
26077001,8
26077002,8
26077701,12
26077701,9
26077702,9
26077702,12
26077703,12
26077703,9
26078101,3
26078501,12
26079901,3
26080001,8
26080501,3
26080701,3
26080901,3
26081501,3
26082601,3
26083901,3
26084401,3
26085001,3
26086901,3
26087201,14
26087301,5
26087401,14
26087801,3
26087901,12
26088101,3
26088201,12
27000501,6
27001801,3
27002001,2
27002801,1
27002901,3
27003601,3
27005201,3
27006201,3
27006401,3
27007601,3
27008001,6
27009601,5
27010101,3
27010401,3
27011701,3
27012401,98
27013601,15
27013602,15
27015301,5
27017601,3
27017701,3
27019501,8
27019701,98
27019801,9
27019801,12
27021001,3
27021101,3
27021102,3
27021701,5
27022001,3
27024401,5
27024601,3
27024701,8
27026801,3
27026901,5
27028001,3
27028501,3
27028801,6
27029201,8
27030601,3
27030901,3
27031001,3
27032101,3
27032201,3
27032202,3
27033201,99
27033301,12
27033301,9
27033901,3
27034201,8
27036101,98
28002401,3
28002901,8
28003101,3
28003301,8
28003601,9
28004101,3
28005501,3
28006801,3
28007001,8
28007601,8
28007701,3
28008901,8
28009201,3
28009202,3
28011501,8
28012601,8
28013201,8
28016401,9
28017901,8
28018301,8
28018302,8
28018501,98
28019501,8
28020001,3
28021501,5
28022101,8
28022201,8
28022401,8
28023701,8
28025101,8
28027601,8
28027901,8
28028101,8
28029701,8
28032901,8
28033801,3
28033901,3
28034401,3
28034501,8
28035801,3
28035802,3
28036801,8
28037301,8
28037901,8
28039201,8
28039501,8
28039801,8
28043501,5
28044501,8
28047001,8
28047002,8
28047401,8
28048601,8
28049201,8
28049701,3
28049901,3
29000701,3
29000901,5
29001101,6
29003201,8
29003201,12
29003701,99
29004701,12
29004801,8
29005001,3
29008001,8
29012001,99
29012501,3
29012601,12
29012601,8
29014001,3
29015101,14
29017001,3
29017201,6
29017501,14
29017901,8
29018101,3
29018102,3
29018901,3
29019101,8
29020101,8
29020201,3
29020202,3
29020601,8
29023201,8
29023301,8
29023401,14
29023501,8
29024601,3
29026301,14
29026401,8
29027101,3
29027201,8
29027501,8
29028201,8
29028901,99
29029001,3
29029401,8
29030701,3
29032401,3
29034701,8
29034901,3
29036101,5
29036401,3
29036601,3
29039301,3
29040101,3
29041801,9
29045201,3
29045401,3
29045501,5
29046501,4
29046501,16
29047401,5
29048601,3
29050101,4
29050101,5
29051001,11
29051401,14
29051501,8
29051701,3
29052001,14
29052101,3
29053901,8
29054201,3
29055301,14
29057201,3
29057202,3
29058501,3
29058701,3
29058701,8
29058901,3
29059001,14
29059601,14
29059602,14
29059603,14
29059604,14
29060301,3
29060601,12
29062001,8
29062001,12
29062201,5
29062201,4
29062401,3
29063601,5
29064701,3
29067501,3
29069701,5
29071301,3
29071701,3
29073001,3
29074101,12
29074102,12
29074901,8
29075301,3
29076301,8
29076401,3
29076701,3
29076801,3
29076801,12
29077001,9
29077001,12
29077701,3
30002701,5
30004101,3
30004102,3
30007601,6
30008301,12
30010301,5
30013101,8
30013101,14
30016101,8
30017601,8
30019101,8
31000201,15
31002401,3
31004201,3
31005601,3
31007501,3
31007801,5
31008901,3
31010101,3
31010401,3
31011901,8
31012101,3
31013201,3
31013801,3
31014101,8
31016501,3
32000101,5
32001101,99
32001201,9
32001301,3
32001401,8
32001501,3
32001701,3
32001901,3
32002201,2
32003101,3
32003102,3
32003501,3
32004601,3
32004801,8
32004801,1
32004901,3
32005601,3
32006301,3
32006801,8
32007001,3
32007501,3
32007601,3
32007901,3
32008901,3
32008902,3
32009501,3
32009701,3
32010001,3
32010101,15
32010102,15
32010103,15
32010701,5
32010801,3
32012301,7
32013901,3
32014001,6
32015201,3
32015601,7
32015801,3
32016601,7
32016601,9
32016901,3
32017001,3
32017002,3
32017201,3
32017501,3
32018301,3
32018401,3
32018901,3
32019001,3
32019701,14
32019702,14
32019703,14
32019704,14
32019705,14
32019706,14
32019707,14
32019901,3
32020001,3
32020401,3
32020402,3
32020801,3
32021001,7
32021701,8
32021801,3
32021901,3
32022301,3
32022401,3
32022801,3
32023001,98
32023201,3
32023501,3
33001101,3
33001701,5
33003001,3
33003901,3
33005901,3
33006001,3
33007601,14
33008801,3
33009001,9
33009002,9
34000201,3
34000301,3
34000701,99
34000801,3
34001101,99
34001901,7
34003201,99
34003401,3
34003402,3
34003501,3
34003601,9
34003801,3
34003901,3
34004001,3
34004501,3
34004701,3
34005001,3
34005101,6
34005501,3
34005601,3
34006301,5
34006401,12
34006701,3
34006901,14
34007101,3
34007701,3
34007901,99
34009001,3
34009101,14
34009201,8
34010401,3
34011101,3
34011201,2
34011301,3
34011501,14
34011801,6
34012201,3
34012301,3
34012501,3
34012601,6
34012801,8
34012802,8
34013101,14
34013201,3
34013401,3
34014201,12
34014301,3
34014301,14
34015101,8
34015601,3
34016001,3
34016601,3
34016601,12
34016701,3
34017401,3
34017601,3
34018501,3
34018502,3
34018601,3
34018701,3
34019301,8
34019601,11
34020301,8
34021501,3
34021601,9
34021801,3
34022101,3
34022301,14
34022601,6
34023401,9
34023501,5
34024101,3
34024401,3
34024701,8
34025301,14
34026601,5
34026701,3
34026901,3
34027301,3
34027501,3
34027801,99
34027901,3
34028601,3
34028701,3
34029501,5
34029502,5
34029801,99
34030101,6
34030701,99
34031001,3
34031301,5
34032101,99
34032301,3
34032801,3
34033201,5
34033202,5
34033401,3
34033501,9
34033601,3
34033801,99
34033901,5
34034201,9
34034202,9
34034203,9
34034204,9
34034205,9
34034701,3
34034801,3
34035101,3
34035601,3
34035901,8
34036101,3
34036201,8
34037601,3
34037701,6
34037801,2
34038201,7
34038901,3
34039201,99
34039301,15
34039901,3
34039902,3
34039903,3
34040001,3
34040601,9
34041001,3
34041101,3
34042201,3
34042501,3
34042901,8
34043501,3
34043502,3
34043601,5
34043901,3
34044601,3
34044801,3
34045201,3
34045401,3
34045701,8
34045901,3
34046001,3
34046201,3
34046501,3
34046601,3
34046801,3
34047001,99
34047201,5
34047701,3
34047801,3
34048001,8
34048101,3
34048201,3
34048301,7
34048701,3
34049101,3
34049901,3
34050101,3
34050301,3
34050401,3
34050701,3
34050901,3
34051001,3
34051501,3
34051601,3
34051801,3
34052001,5
34052401,3
34052501,3
34052701,2
34053001,3
34053501,3
34053601,3
34053701,12
34053801,3
34053901,3
34054101,3
34054102,3
34054301,3
34054701,3
34054801,3
34055101,3
34055601,8
34055801,3
34055901,3
34056101,3
34056201,3
34056701,3
34056801,3
34057201,99
35000101,3
35000801,5
35001401,3
35002701,3
35003001,3
35003201,5
35003202,5
35003901,3
35004001,3
35004201,8
35005001,9
35005201,3
35005401,3
35006101,3
35006501,3
35006601,3
35006701,3
35006901,3
35007001,3
35007601,8
35008801,5
35009001,8
35009801,3
35011501,8
35012001,98
35012201,3
35012701,98
35012801,3
35013501,3
35013601,3
35014001,3
35014101,3
35014401,8
35015701,3
35016501,3
35016701,3
35016901,8
35017201,3
35017401,14
35020101,5
35020801,8
35021701,8
35022101,15
35022301,3
35024101,3
35024301,5
35024601,3
35024801,3
35024901,3
35025201,3
35025901,8
35026101,3
35026401,5
35026601,12
35027101,99
35028101,3
35028301,5
35029001,3
35029301,8
35030101,3
35030401,3
35030801,3
35030901,3
35031501,8
35032101,5
35032301,3
35032601,3
35033701,9
35033702,9
35033703,9
35034201,3
36000501,3
36000601,3
36000901,3
36001601,3
36002101,8
36003001,3
36003401,3
36003601,3
36003801,3
36004701,3
36004801,3
36005001,3
36005201,14
36005201,8
36005301,98
36006401,6
36006501,3
36006701,8
36006801,3
36007201,3
36007301,5
36007501,3
36007801,3
36008101,5
36008601,98
36008901,3
36009001,3
36009201,16
36009401,3
36009901,8
36010301,3
36010501,3
36010601,3
36010801,3
36011101,3
36011201,3
36011301,3
36011701,5
36011801,3
36011901,3
36012101,3
36012201,3
36012401,3
36012701,3
36012801,3
36012901,5
36013001,3
36013301,3
36013801,3
36014101,3
36014401,3
36014901,3
36015001,3
36015101,3
36015201,3
36015501,3
36015601,3
36016301,3
36016401,9
36016601,3
36016701,8
36016701,12
36017001,6
36017601,3
36018101,3
36018401,3
36018701,4
36018701,16
36019201,3
36019401,3
36019501,8
36020301,3
36020401,3
36021101,3
36021201,3
36021501,3
36021701,3
36022001,5
36022201,3
36023001,3
36023201,16
36023301,3
36023401,3
36023801,3
36024201,3
36024401,3
36025001,3
36025301,3
36025801,16
36026401,3
36026901,3
36027301,5
36027601,3
36027701,3
36027801,3
36028001,16
36028201,5
36028401,16
36028501,3
36029001,3
36029101,6
36029201,3
36029701,3
36030701,3
36030901,8
36031101,3
36031501,3
36031801,3
36032001,3
36032501,6
36032801,3
36032901,3
36033201,8
36033401,3
36033601,3
36034801,3
36035001,14
36035001,3
36035101,3
36035301,5
36035901,3
36036301,3
36036601,3
36036602,3
36037101,3
36037201,12
36037401,3
36037801,7
36037802,14
36037803,14
36037901,7
36038301,3
36038501,3
36038701,3
36038801,3
36039101,3
36039201,5
36039301,3
36040001,5
36040201,7
36040801,12
36041301,6
36041601,3
36041602,3
36042501,5
36042601,3
36042602,3
36043101,5
36043401,2
36043601,3
36043602,3
36043801,3
36044201,3
36044601,3
36044801,3
36045201,5
36045901,8
36046301,5
36046302,5
36046601,5
36046701,8
36046901,5
36047101,3
36047601,3
36048301,3
36049701,5
36050601,8
36050601,12
36050901,16
36051901,6
36052201,9
36052401,3
36052601,3
36053001,8
36053701,3
36053801,16
36054001,3
36054401,3
36054501,3
36054502,3
36054701,3
36055701,5
36057201,3
36057202,3
36057301,3
36058001,5
36058101,3
36058701,8
36058801,5
36059001,6
36059301,3
36059302,3
36059401,6
36059601,3
36059701,3
36059901,3
36060401,6
36060601,98
36060701,3
36061301,3
36061601,3
36061901,3
36062001,3
36062201,3
36062301,3
36063201,3
36063701,3
36064501,3
36065601,14
36065901,3
36066201,14
36066202,14
36066203,14
36066501,3
36066601,3
36066701,3
36067001,3
36067201,3
36067901,3
36068101,8
36068401,5
36068701,5
36069201,5
36069501,3
36069901,8
36069901,10
36070501,3
36071301,3
36072901,99
36073001,3
36073401,7
36073701,5
36074701,3
36074901,3
36075101,16
36075501,3
36076101,6
36076201,3
36076701,3
36077101,3
36077201,3
36077401,5
36077601,5
36078101,3
36078901,3
36079201,5
36079501,14
36080001,7
36080201,3
36080401,3
36080501,3
36080901,12
36081101,3
36081201,3
36081301,7
36081701,3
36082201,6
36082601,3
36082801,5
36083001,3
36083101,5
36083301,3
36083801,3
36084001,3
36084101,7
36084401,3
36084501,3
36084601,98
36085101,3
36085501,5
36086301,3
36086601,5
36086701,3
36086801,5
36087401,5
36087601,3
36088301,9
36088302,9
36088303,9
36088401,6
36088402,6
36089001,3
36089101,3
36089102,3
36089301,3
36089701,9
36089801,14
36089901,5
36090101,5
36090102,5
36090401,3
36090701,3
36091301,5
36091801,7
36091901,3
36091902,14
36091903,14
36092501,3
36092601,3
36092801,5
36092901,5
36093101,3
36093301,3
36093401,3
36093601,3
36093701,3
36093702,3
36093901,3
36094001,3
36094101,14
36094301,3
36094801,8
36094901,3
36095001,5
36095801,7
36096101,9
36096201,3
36096801,3
36096901,7
36097001,3
36097101,5
36097102,5
36097501,12
36097701,16
36098301,16
36098501,5
36098901,3
36099001,3
36099001,12
36099201,3
36099401,3
36099501,3
36099601,3
36100001,3
36100101,3
36100201,14
36100401,3
36100601,3
36100801,3
36100901,3
36101101,3
36101401,3
36102101,5
36102201,3
36102601,3
36102701,3
36102801,8
36103201,3
36103501,3
36103601,3
36103701,10
36103701,12
36103801,3
36103901,3
36104201,3
36104301,8
36104301,9
36104302,8
36104302,9
36104501,3
36104601,3
36104602,3
36104701,9
36105001,5
36105101,3
36105901,3
36106101,12
36106101,8
36106201,5
36106401,5
36106701,3
36106702,3
36106901,3
36107201,5
36107301,3
36107302,3
36107501,6
36107701,99
36107901,5
36108101,2
36108301,3
36108401,3
36108701,3
36108801,3
37000301,5
37002001,5
37002701,3
37003301,5
37003601,3
37003701,3
37005701,5
37006101,3
37006201,3
37008601,3
37008901,3
37009401,8
37009801,5
37010501,5
37011601,5
37011602,5
37011603,5
37011604,5
37012301,3
37012901,12
37013001,6
37013401,8
37014701,5
37014701,8
37014702,5
37014702,8
37014801,5
37015001,5
37015901,3
37016601,5
37016701,5
37017501,11
37018801,3
37019201,3
37019401,6
37019501,3
37019901,5
37020501,14
37020601,3
37020801,3
37021001,3
37021701,6
37022101,8
37023401,5
37025201,5
37025701,12
37027301,5
37027701,14
37028201,5
37029401,3
37029401,14
37029901,3
37031901,8
37032101,16
37032601,5
37033301,3
37033901,5
37034601,3
37034701,3
37036501,6
37036601,3
37036801,3
37037901,5
37039301,5
37040501,8
37040601,3
37040701,5
37041501,8
37041502,8
37041503,8
37041601,3
37041602,3
37041901,7
37041902,7
37042901,5
37043001,3
37044701,8
37045001,3
37045701,8
37046501,5
37046901,3
37047501,3
37047801,9
37049301,8
37050601,3
37050801,3
37050901,8
37052001,14
37052101,5
37052201,6
37052401,8
37053101,5
37053101,8
37054401,7
37056301,3
37057101,5
37057701,12
37057702,12
37057801,3
37057901,3
37058001,3
37059201,8
37059501,8
37059601,3
37059602,3
37059801,14
37059901,15
37060001,3
37061301,3
37061401,7
37061402,7
37062501,3
37062901,3
37064501,3
37064502,3
37064901,3
37065001,5
37065201,5
37065201,8
37065501,5
37065901,5
37065901,8
37066301,5
37066501,8
37067401,9
37067402,9
37068001,6
37068101,3
37068301,5
37069201,8
37069301,3
37069401,3
37071401,99
37072001,6
37072301,5
37072301,8
37072501,3
37072801,3
37073101,3
37073201,3
37073301,3
37073401,3
37073601,2
37073901,2
37075001,11
37075601,3
37077201,3
37077301,8
37078501,3
37079701,8
37080701,5
37081501,3
37081701,8
37082001,5
37082801,10
37082901,3
37084001,3
37084101,6
37084201,3
37084401,9
37085001,8
37086101,7
37086801,3
37087701,14
37088201,8
37088301,5
37089601,3
37090101,5
37090201,5
37091301,5
37091701,98
37092601,3
37093001,3
37093301,8
37093801,5
37094201,8
37094401,3
37094501,8
37094801,3
37096001,3
37096201,5
37096901,5
37097501,5
37098801,15
37099701,8
37099801,3
37101101,3
37102101,8
37102102,8
37102201,6
37103301,3
37103501,6
37103601,3
37104201,8
37105801,10
37105901,3
37106101,5
37106301,15
37106302,15
37106401,3
37107101,6
37107201,12
37107801,3
37108801,5
37109301,8
37109401,3
37110801,3
37110901,3
37111001,3
37111501,16
37111601,9
37111602,9
37111901,3
37112201,12
37112301,3
37112701,3
37113001,3
37113501,8
37113701,3
37114201,3
37114401,3
37114901,3
37115401,5
37115701,3
37116001,98
37116301,98
37116302,98
37116501,3
37117601,3
37117901,98
37118601,9
37118801,3
37118901,3
37119301,3
37119501,3
37119601,3
37120001,99
37120401,3
37120501,11
37120601,5
37121401,5
37121501,2
37121901,3
37122101,3
37122301,3
37122401,3
37122501,16
37122801,3
37123001,3
38000401,6
38000401,8
38004601,3
38006101,14
38006102,14
38006103,14
38006104,14
38009901,14
38009902,14
38009903,14
38009904,14
38009905,14
38009906,14
38009907,14
38009908,14
38009909,14
38011401,3
38011601,8
38011801,3
38011802,3
38012101,3
38013901,12
38013901,3
39000601,8
39001701,8
39001702,8
39001703,8
39002201,3
39003201,8
39003601,3
39004401,9
39004601,5
39005101,3
39005301,3
39005501,3
39005601,3
39005602,3
39005701,8
39005702,8
39006501,8
39007401,8
39009801,3
39009901,8
39009902,8
39011001,7
39011201,8
39012201,3
39012301,8
39012701,7
39013001,3
39013301,5
39014301,3
39014401,3
39014701,3
39015301,3
39015401,3
39016301,3
39017601,3
39017701,8
39018401,3
39018601,3
39020301,8
39020701,3
39022001,8
39022101,3
39023501,3
39023701,3
39025701,3
39025801,3
39026001,3
39026301,3
39026501,5
39027001,6
39027101,3
39028801,3
39029001,5
39031501,8
39031701,3
39032401,5
39033601,3
39035801,3
39038901,8
39039001,8
39041901,3
39041902,15
39041903,15
39043101,8
39044001,11
39046801,5
39046901,5
39050301,8
39052101,5
39052901,5
39053001,5
39053101,12
39053102,12
39053801,3
39054001,9
39054601,9
39054901,5
39057401,5
39057801,8
39057802,8
39058001,6
39059001,3
39059801,3
39060101,8
39060401,7
39060402,7
39061201,3
39061801,8
39061901,99
39062401,5
39063201,3
39063801,7
39066101,5
39066901,3
39067401,3
39069401,3
39070201,3
39071001,3
39071301,14
39071302,14
39071303,14
39071304,14
39071401,8
39072401,8
39072601,8
39074201,9
39075901,5
39078301,3
39079101,3
39079501,3
39081001,8
39081701,3
39081901,3
39082401,3
39082701,3
39082702,3
39082801,3
39083101,7
39084701,3
39085201,3
39086101,3
39087501,3
39088301,3
39088501,8
39089001,5
39089301,3
39089301,4
39089701,5
39090201,3
39091301,3
39091801,3
39091901,8
39091901,12
39092301,3
39092901,3
39095401,8
39096101,8
39096201,7
39096801,3
39097101,5
39097601,6
39098601,3
39100201,3
39100301,7
39100302,7
39100303,7
39101401,3
39103101,3
39105301,3
39105401,3
39106001,3
39106101,3
40001201,3
40001301,5
40001601,8
40001901,3
40002701,8
40003101,3
40003701,3
40006601,3
40007201,12
40007601,3
40007901,3
40008001,3
40008301,3
40010101,3
40010701,8
40011301,5
40011901,3
40012001,5
40014401,99
40015301,14
40017901,8
40018301,8
40020001,5
40020401,3
40021701,3
40022701,8
40022801,3
40022901,12
40024501,5
40024801,99
40025501,6
40029401,12
40030501,5
40031401,12
40031402,12
40031601,5
40037001,5
40037201,8
40037701,8
40039401,99
40039601,3
40043001,3
40044001,3
40044501,8
40046301,3
40047801,3
40049501,3
40050401,5
40051001,5
40051601,5
40051901,8
40052701,8
40052901,3
40054201,8
40054801,16
40055001,5
40056301,3
40056401,3
40057501,3
40058001,8
40058201,8
40058401,8
40058801,6
40059301,3
40059601,3
40059701,3
40060601,3
40060901,3
40061301,12
40063301,12
40063401,99
40063601,8
40063901,5
41000201,3
41000701,3
41000801,5
41000901,3
41001401,3
41001501,3
41001601,3
41001801,3
41002101,3
41002601,3
41003101,3
41003501,2
41003801,3
41003901,8
41004001,3
41004201,5
41004301,8
41004601,3
41005101,3
41005301,3
41005701,3
41005801,5
41006801,98
41007601,5
41008201,5
41008501,5
41008701,5
41009201,99
41009301,5
41009501,5
41010001,3
41010201,5
41010401,3
41011001,3
41012401,3
41012601,3
41013401,3
41014101,8
41016301,8
41016701,3
41018101,3
41018201,3
41019101,3
41019301,7
41019501,5
41019701,3
41021801,8
41022101,5
41022401,6
41022801,5
41023201,8
41023501,3
41024901,3
41025301,3
41025401,6
41025801,5
41025901,3
41026201,3
41027201,3
41027202,3
41027601,3
41027602,3
41027603,3
41027901,3
41028101,3
41028401,3
41028501,3
41029301,3
41029401,3
41029801,3
41031001,9
41031201,5
42000901,3
42001201,3
42001801,5
42001901,3
42002501,3
42002601,3
42002801,3
42003001,5
42003301,3
42003401,3
42003501,8
42003701,3
42003701,8
42010301,3
42010701,8
42011001,5
42011501,3
42011901,6
42012001,8
42012101,3
42012301,3
42012501,3
42012601,3
42012701,3
42012901,3
42013001,3
42015101,5
42015101,9
42015601,14
42015801,16
42015802,16
42016101,12
42016501,12
42016501,9
42016501,11
42017501,3
42017501,4
42017601,14
42017701,9
42018301,3
42018501,3
42018901,98
42018902,98
42018903,98
42018904,98
42020001,3
42020401,3
42021201,3
42021401,3
42021501,3
42021801,3
42021901,3
42022001,14
42023101,3
42023201,3
42023301,2
42023401,3
42023501,3
42023801,14
42024301,3
42024801,16
42024901,12
42026501,3
42027001,3
42027101,3
42027901,3
42028801,3
42030401,3
42031201,11
42032401,5
42032402,5
42032402,9
42034701,3
42034801,3
42037001,14
42039901,9
42039901,11
42040101,14
42040301,3
42041801,3
42042001,3
42042501,3
42043301,8
42044201,99
42044401,14
42044402,14
42044403,14
42044601,9
42044602,9
42044603,9
42045501,3
42046401,3
42050701,12
42050701,8
42050702,8
42050702,12
42052501,3
42053401,8
42053501,14
42054001,3
42054101,3
42054301,8
42054401,12
42054701,3
42055401,3
42058501,3
42060901,5
42064101,3
42064301,4
42064301,5
42065101,3
42065201,8
42065701,5
42065801,3
42065901,3
42066101,12
42066801,5
42067001,8
42068001,14
42069401,5
42069401,9
42070401,5
42072001,3
42072001,4
42073801,3
42074801,3
42076201,8
42076301,3
42077901,3
42077902,3
42078001,3
42078101,3
42079101,8
42079102,14
42080901,6
42083701,6
42084101,14
42084301,8
42084701,8
42086801,3
42087001,5
42087101,3
42087701,3
42088101,3
42088201,3
42089301,5
42089601,9
42089602,9
42089603,9
42089604,9
42091401,3
42093901,8
42093902,8
42094001,3
42094301,3
42094401,3
42094601,3
42096101,8
42096201,5
42096301,3
42096302,3
42096601,99
42098801,3
42099401,8
42099501,9
42101301,5
42101302,5
42101401,5
42101402,5
42101801,14
42101901,14
42101902,14
42102101,3
42102701,3
42103001,8
42103301,3
42104801,9
42107601,8
42107701,3
42108001,3
42108101,3
42108401,3
42108701,3
42109401,8
42110001,3
42110201,14
42111001,3
42111101,14
42111401,3
42114201,8
42114401,3
42114501,3
42115001,8
42115101,3
42115201,8
42115301,16
42115401,3
42115601,14
42115901,3
42116101,3
42116401,3
42118201,3
42118301,3
42118401,3
42118501,3
42118801,3
42119901,5
42120401,3
42120501,1
42120601,3
42120701,3
42120801,3
42121001,3
42121101,11
44000301,3
44001501,5
44002901,5
44003601,7
44003602,7
44003603,7
44004401,9
44004801,3
44005001,12
45000201,3
45001201,3
45001801,8
45002201,8
45002301,8
45002901,3
45003001,8
45003101,8
45003201,6
45004801,3
45004901,3
45005301,5
45005302,5
45006001,12
45007401,8
45007501,8
45007801,8
45007802,8
45008101,8
45008201,3
45008301,3
45009301,3
45009701,3
45010101,3
45012301,12
45012302,12
45012501,3
45013101,3
45015201,14
45015801,3
45016601,3
45017201,8
45017301,2
45018901,12
45020401,8
45020801,8
45020901,14
45022001,8
45022301,5
45022801,3
45023001,9
45024201,9
45024301,3
45024501,3
45025801,8
45026201,8
45027101,3
45027201,8
45027601,8
45027801,3
45028101,8
45029001,9
45030201,8
45030501,9
45030701,8
45031301,8
45031701,8
45032001,8
45034701,3
45035401,3
45035801,3
45036701,8
45039301,8
45040701,8
45042201,12
45042901,8
45043301,8
45043501,8
45044001,8
45044701,99
45045001,3
45045101,3
45046201,8
45047101,3
45047801,8
45047901,5
45048101,3
45048301,8
45049101,8
45049201,3
45049601,12
45049901,8
45050101,8
45051801,3
45052501,8
45053101,3
45053401,8
45053801,3
45054101,5
45054301,8
45055101,11
45055401,14
45055601,8
45055901,3
45057101,2
45057102,2
45057401,3
45058101,11
45058201,12
45058202,12
45058801,3
45060401,8
45060402,8
45060501,8
45060701,8
45060801,3
45063301,8
45063901,3
45064701,3
45064901,3
45065201,3
45065801,8
45067201,14
45067301,3
45067701,8
45067801,5
45068001,8
45069601,9
45069701,3
45070301,8
45070601,3
45071401,3
45071901,8
45072001,99
45072501,8
45073301,3
45073601,3
45073602,3
45074201,3
45074501,3
45074801,8
45075001,8
45075401,14
45077101,8
45077501,3
45077601,8
45077701,8
45079001,8
45079201,3
45079301,8
45080101,3
45080701,3
46002401,8
46008501,3
47000301,5
47002301,3
47002601,3
47003701,3
47004701,3
47004701,12
47006201,10
47006301,9
47006302,9
47006303,9
47008601,3
47009801,3
47014001,3
47016001,6
47016201,8
47016601,3
47016901,5
47017001,2
47017001,11
47017201,3
47020401,3
47020801,3
47021701,5
47021702,5
47021703,5
47021704,5
47021705,5
47021801,3
47022501,3
47022901,5
47023901,3
47027501,9
47027501,14
47028201,3
47030501,99
47032101,3
47033201,14
47033201,12
47033202,12
47033202,14
47036201,3
47039901,5
47039902,5
47039903,5
47040701,3
47043801,3
47044501,3
47046801,3
47052501,3
47053001,3
47053101,3
47053301,15
47053302,15
47053303,15
47053501,3
47053601,5
47054401,3
47054701,6
47057101,6
47057801,3
47059701,8
47060101,3
47060601,8
47060601,3
47061601,3
47061901,8
47063101,12
47063102,12
47064501,8
47064501,12
47064502,12
47064503,8
47064503,12
47064601,98
47064901,10
47065201,9
47065201,5
47069701,3
47070901,5
47071701,3
47073901,3
47075901,8
47077901,12
47077901,9
47078601,12
47078602,12
47080701,3
47082001,8
47082501,8
47082701,3
47082701,2
47082801,3
47086201,15
47086601,3
47086701,6
47086901,9
47087401,3
47090301,14
47090302,14
47092401,12
47093101,3
47094101,11
47094701,8
48000401,3
48000601,3
48000701,3
48000901,8
48000901,16
48001201,3
48001901,5
48001902,5
48002401,3
48002601,5
48002602,5
48003101,8
48003301,3
48005101,5
48005501,3
48005701,12
48005701,8
48005702,8
48005702,12
48005801,5
48006001,3
48007001,9
48007101,5
48007501,5
48007601,14
48008101,3
48008601,5
48008701,5
48009001,3
48009201,5
48010101,3
48010201,3
48010301,3
48010801,8
48011101,3
48011501,3
48011701,8
48012001,3
48012401,3
48012601,3
48013401,12
48014101,16
48015001,3
48015101,3
48016701,3
48016701,1
48016702,1
48016702,3
48017101,3
48017601,3
48018101,3
48019101,3
48019801,3
48020401,8
48020401,12
48020402,8
48020402,12
48021101,8
48021701,3
48022301,3
48023401,9
48023701,9
48023901,3
48024101,3
48024301,5
48024701,8
48024801,3
48024901,3
48025201,99
48026101,3
48026301,14
48026501,3
48027001,5
48027201,3
48027301,5
48027501,14
48027601,14
48027602,14
48027701,16
48028501,3
48028901,6
48029301,3
48030401,14
48030501,6
48032801,8
48032801,12
48034101,9
48035501,3
48036101,3
48036601,3
48037401,9
48037601,3
48038301,3
48038601,3
48039001,8
48039601,3
48039701,8
48040701,3
48041201,3
48042101,16
48042401,8
48043501,5
48044501,3
48044701,5
48044901,12
48046601,3
48046801,3
48047401,3
48048101,16
48048301,15
48048302,15
48048303,15
48048501,5
48048502,5
48048801,3
48049901,3
48050701,99
48051001,3
48051601,3
48051602,3
48052301,5
48052302,5
48052701,3
48053201,3
48053601,3
48054201,5
48054301,6
48054901,4
48054901,6
48055301,3
48055302,3
48055801,3
48056401,3
48056701,6
48056801,16
48056901,3
48056902,3
48057601,3
48059201,3
48059301,3
48060201,3
48060401,98
48061801,3
48062601,14
48062901,3
48063701,8
48064001,3
48064901,15
48065001,3
48067001,6
48067401,3
48067501,3
48068501,8
48068801,16
48069901,8
48070401,3
48070601,5
48071401,6
48071501,8
48071501,12
48072001,3
48073101,15
48073102,15
48073701,8
48073801,3
48075301,8
48076001,3
48076601,6
48077401,3
48078401,3
48079701,3
48079901,14
48080001,16
48080101,4
48080101,5
48080201,9
48080301,12
48081601,3
48081601,14
48081901,5
48082201,14
48082601,7
48082602,7
48083301,3
48083401,2
48083401,6
48084101,3
48085201,3
48085601,3
48086101,99
48086201,5
48086501,5
48087001,5
48087101,3
48087401,3
48087801,3
48090201,7
48091601,3
48091601,8
48091901,8
48092501,14
48092502,5
48094601,3
48097101,3
48098001,5
48098002,5
48098003,5
48098004,5
48098401,5
48098402,5
48098601,3
48099601,12
48099701,3
48099901,12
48100501,99
48100601,7
48100701,3
48100901,3
48103501,3
48103801,3
48103901,12
48104701,5
48105101,3
48105701,3
48108301,3
48109001,3
48110401,3
48110601,3
48111101,6
48111701,5
48112501,3
48112701,3
48113701,3
48114101,6
48114901,8
48116701,5
48116702,5
48117301,3
48118701,3
48119001,3
48120601,3
48121201,5
48121401,4
48121401,16
48121901,3
48121901,12
48122701,5
48123401,5
48124101,8
48124201,6
48125601,5
48125701,3
48126401,3
48126801,5
48127501,8
48128001,3
48128401,3
48129101,8
48129401,9
48129401,12
48129601,5
48129801,3
48129802,3
48130201,5
48131201,8
48131801,12
48133001,5
48133101,12
48136001,98
48136501,5
48139101,3
48139101,8
48141301,3
48142201,3
48142301,16
48142901,3
48143001,6
48143301,3
48143701,5
48143901,8
48144101,14
48144601,3
48145201,99
48147001,3
48147002,3
48147201,3
48148001,3
48148301,3
48148401,8
48148901,3
48150001,3
48151301,3
48152201,3
48152301,5
48152401,9
48152401,14
48153201,12
48153901,3
48154001,9
48154001,12
48154401,5
48154401,9
48154601,5
48154602,5
48154603,5
48154604,5
48155201,6
48156601,8
48157001,5
48157101,98
48157301,12
48158101,5
48158301,3
48158701,3
48159001,3
48159501,3
48160001,8
48160001,12
48160002,12
48160003,12
48160501,5
48160601,3
48161601,8
48161801,3
48162001,5
48162601,5
48163101,5
48163101,9
48164201,3
48165501,16
48165701,3
48166001,9
48166601,16
48167201,99
48167401,16
48167701,5
48168501,12
48168502,12
48168701,3
48168801,3
48170001,8
48170201,5
48170901,3
48171301,3
48171501,12
48172201,3
48172401,5
48173101,8
48175801,3
48176601,9
48177301,5
48177302,9
48177701,9
48177701,12
48178001,5
48178301,5
48178601,16
48178901,9
48178902,9
48181001,3
48181101,9
48181301,3
48181801,8
48183501,8
48183501,12
48183601,3
48183701,11
48184201,14
48184701,3
48184801,3
48185501,3
48187901,8
48188101,3
48188401,8
48189101,5
48189601,8
48189601,12
48190001,5
48190401,8
48192501,3
48192502,3
48192503,3
48192504,3
48192505,3
48192506,3
48192601,8
48192801,8
48193801,8
48194501,3
48194801,8
48195101,12
48195102,12
48195201,5
48195501,3
48195801,5
48196001,5
48196801,3
48198601,8
48199701,3
48199901,9
48200101,5
48200401,8
48202201,3
48202701,15
48203701,3
48203901,9
48204101,8
48204401,3
48205901,3
48206601,5
48207301,5
48208101,3
48208401,3
48208501,6
48208601,5
48209401,14
48209701,98
48209801,5
48210001,3
48210101,3
48210301,3
48210601,1
48210601,5
48210901,5
48211801,5
48212701,3
48212801,3
48212802,3
48213501,99
48214501,3
48215501,8
48215601,3
48217001,3
48217101,8
48217601,12
48217901,3
48219101,8
48219301,3
48219401,5
48219402,5
48220401,8
48220601,3
48221601,3
48221601,12
48221901,3
48222201,3
48223101,8
48223501,3
48223801,3
48224901,3
48225001,8
48225101,3
48225501,3
48225901,3
48226201,5
48227001,14
48227002,14
48227003,14
48227201,3
48227202,3
48227401,5
48227901,9
48228301,3
48228401,3
48228901,5
48230001,12
48231201,5
48232801,3
48233401,5
48233501,3
48233801,3
48234401,3
48234901,3
48235401,3
48236101,12
48236102,12
48236201,3
48236501,3
48236801,3
48237001,3
48237101,8
48237201,4
48237301,3
48237901,3
48238001,9
48238002,9
48238101,14
48238201,3
48238601,98
48239601,8
48239901,14
48239902,14
48239903,14
48239904,14
48239905,14
48240201,12
48240201,8
48240401,6
48240901,3
48241201,3
48242301,3
48243301,3
48243601,3
48243602,3
48243801,5
48244201,3
48244401,8
48244501,3
48245201,8
48245202,8
48245701,98
48246801,3
48247101,5
48248501,3
48249701,3
48250101,5
48250201,5
48250401,8
48251601,5
48252801,12
48253001,3
48253101,3
48253501,16
48253801,3
48253901,3
48255301,3
48255501,3
48255801,3
48255901,5
48257101,8
48257501,3
48258201,5
48258401,5
48258901,5
48260901,3
48261001,3
48261601,3
48262301,3
48262901,9
48262902,9
48262903,9
48262904,9
48263101,5
48264001,3
48264901,3
48265201,3
48265301,6
48265401,3
48265901,5
48266301,3
48268801,3
48269101,3
48269501,5
48270901,98
48270902,98
48272201,5
48272501,14
48273101,6
48273301,8
48273501,3
48275001,3
48276201,3
48276301,5
48276501,3
48277601,9
48277601,16
48278401,3
48278601,12
48278602,12
48278603,12
48278801,9
48278901,8
48279101,16
48279601,3
48279901,16
48281301,3
48282501,3
48283001,3
48283101,3
48284301,3
48284401,3
48284801,5
48285001,3
48285101,3
48285201,3
48285401,3
48285501,3
48286801,12
48287501,5
48287701,3
48289201,3
48289301,8
48289901,3
48290701,5
48291401,16
48294001,3
48294201,16
48294401,16
48296701,3
48297701,12
48297901,4
48297901,6
48298501,5
48299901,3
48300401,5
48300402,5
48300701,3
48301001,3
48301201,8
48301201,11
48301901,5
48301901,8
48302301,3
48303901,8
48304001,3
48304201,3
48304301,3
48304401,8
48304701,3
48304901,3
48305001,8
48305701,3
48305901,8
48306301,8
48306401,12
48306601,5
48306601,9
48306801,3
48307901,3
49000801,7
49001101,3
49002201,3
49002202,3
49002801,3
49002802,1
49002802,3
49003101,7
49003501,3
49003701,3
49004201,3
49005801,3
49007301,3
49009301,3
49009701,9
49009701,12
49010501,9
49010501,12
49010901,14
49011401,5
49012101,5
49012501,8
49013001,3
49014201,3
49015001,3
49015101,8
49015301,3
49015801,3
49015901,3
49017101,3
49017101,4
49017301,3
49018301,3
49018601,3
49018601,1
49018801,6
49019001,3
49019301,5
49019901,3
49020001,99
50000101,3
50001101,3
50001301,5
50001302,5
50001401,3
50001601,3
50005601,14
50005901,8
50006401,3
50006601,8
50006602,5
50007001,3
51000101,3
51002701,98
51003001,12
51003401,8
51003901,8
51004001,5
51004201,8
51004301,5
51004901,6
51005001,3
51005201,9
51005202,9
51005301,8
51005601,8
51006801,3
51008501,8
51008901,12
51009501,3
51009601,8
51009701,98
51010101,5
51010101,8
51010401,9
51010701,8
51011701,3
51012401,8
51015201,6
51017201,5
51017701,8
51017702,8
51018101,10
51018102,10
51018201,3
51019101,5
51019401,5
51019901,3
51020301,3
51020801,12
51020901,3
51025101,5
51026301,5
51027501,8
51027901,5
51028201,3
51029901,8
51029902,8
51029903,8
51030001,12
51032901,3
51033601,3
51033901,3
51036301,3
51037101,7
51038101,3
51038301,5
51038901,3
51039101,8
51039601,5
51039701,3
51040201,3
51040501,3
51041201,9
51043401,9
51043701,8
51043901,98
51045001,3
51045101,3
51045601,3
51046001,6
51046002,2
51046003,2
51046003,6
51046003,9
51046004,6
51046005,9
51046005,2
51046005,6
51046006,2
51046006,6
51046007,6
51047101,8
51047201,5
51049401,9
51049501,5
51049701,3
51050101,3
51051301,3
51051401,3
51051601,3
51051602,3
51052601,3
51053001,5
51053501,3
51053901,8
51054201,3
51054601,10
51055501,3
51056401,3
51057301,3
51058401,8
51058501,3
51058701,3
51059001,3
51059401,3
51059801,3
51060001,3
51060301,8
51061701,3
51062501,3
51064001,3
51064101,3
51064201,14
51064501,3
51065101,8
51065601,3
51065701,8
51065801,3
51065901,3
51066001,8
51067201,8
51067301,3
51068001,3
51069001,7
51069201,3
51069601,3
51070601,3
51071501,3
53001101,3
53001101,12
53001401,8
53001801,98
53002001,3
53002501,5
53003001,7
53003301,3
53003401,3
53003501,16
53003601,8
53004601,3
53004801,7
53004901,6
53005401,3
53005701,5
53005701,8
53005801,3
53006101,9
53006102,9
53006103,9
53006601,7
53007501,3
53007801,99
53008201,3
53008801,8
53008801,12
53009001,3
53009201,3
53009501,3
53010501,9
53010601,7
53011001,9
53011801,6
53011801,9
53012601,8
53013601,3
53014301,3
53014401,14
53015001,99
53015002,99
53015003,99
53015301,3
53015401,3
53018501,3
53019701,3
53020201,3
53020401,5
53020901,3
53021301,6
53021501,8
53021701,3
53023401,14
53023501,5
53023701,3
53023901,5
53023901,9
53024201,3
53024401,3
53025001,8
53025001,12
53025002,9
53025002,12
53025003,9
53025003,12
53025601,3
53025801,3
53027001,3
53028601,12
53029401,3
53030101,3
53030201,3
53030301,5
53030601,3
53030901,3
53031001,3
53032001,3
53032501,7
53032901,3
53033101,3
53033401,5
53034301,5
53034401,3
53034901,8
53035601,5
53035701,6
53036801,15
53037001,8
53037201,3
53037301,3
53037401,9
53038001,3
53038301,8
53038501,14
53038601,14
53038901,9
53038901,12
53039101,3
53039201,3
53039901,3
53040101,3
53040501,5
53040701,3
53041201,99
54001001,8
54002301,3
54002401,3
54004701,14
54005001,8
54005301,9
54005701,8
54006301,8
54006302,8
54006401,8
54007301,8
54008301,8
54009601,8
54012601,8
54013901,8
54014201,8
54017001,8
54017201,8
54017401,8
54018501,3
54018801,9
54019901,8
54022601,8
54022602,8
54023201,8
54023701,3
54024001,3
54026101,9
54026601,3
54026901,12
54027001,3
54029501,3
54029601,9
54030101,14
55000901,8
55003001,3
55005201,9
55005201,12
55008401,8
55009101,8
55009301,8
55011101,3
55011401,3
55013101,8
55013601,8
55015301,3
55016001,5
55017801,7
55017901,3
55018201,15
55018301,14
55019401,3
55019701,15
55019702,15
55019703,15
55019704,15
55020301,5
55020301,9
55020302,5
55020302,9
55020303,5
55020303,9
55021301,3
55022101,14
55024201,3
55024801,5
55026501,8
55027501,5
55027901,5
55028601,8
55028801,11
55028801,5
55028801,8
55029001,3
55029101,5
55029401,3
55030101,5
55033501,3
55033801,5
55034401,3
55037001,3
55038001,3
55038401,3
55039501,5
55039502,5
55039801,99
55040101,3
55043801,5
55043901,3
55044001,9
55044001,5
55044701,3
55044701,14
55045501,5
55045601,12
55045601,3
55047101,7
55047801,3
55049101,3
55049801,5
55051001,3
55052401,3
55053101,7
55053901,3
55054001,3
55054501,3
55054901,8
55054901,12
55054902,12
55054902,8
56000901,5
56002001,3
56002401,3
56007201,3
56009701,12
56010001,3
