PER_ID,NMIMPAIR
1000601,0
1000901,0
1001001,99
1001201,99
1002201,0
1003301,99
1003901,99
1005301,99
1005501,99
1005901,99
1006701,0
1006901,99
1008101,99
1008401,0
1008402,0
1008403,0
1010401,99
1011701,0
1015001,99
1015301,99
1015701,99
1015901,0
1017401,9
1018001,0
1018002,0
1018003,0
1018004,0
1018901,99
1020301,99
1020501,99
1020601,99
1020602,99
1021901,0
1023601,99
1024401,0
1024701,9
1026001,0
1026401,0
1027501,0
1028201,99
1032401,0
1032402,0
1032801,0
1034101,99
1034201,99
1035501,0
1038201,99
1038301,0
1039201,8
1040201,8
1041001,0
1041701,99
1043801,0
1044101,99
1045401,99
1046101,9
1048101,0
1049101,99
1049102,98
1049401,0
1049402,0
1050701,99
1051801,9
1051901,0
1052801,99
1053101,0
1053501,99
1054101,99
1055201,99
1055701,0
1056001,9
1059101,0
1060401,0
1061001,99
1062301,8
1062302,8
1062501,99
1062601,98
1063801,0
1065601,0
1066901,0
1067701,99
1067702,0
1069601,99
1070101,0
1072101,99
1072801,99
1073001,99
1074501,0
1075201,0
1075401,99
1077601,99
1078701,0
1078702,0
1079101,9
1080401,99
2000401,9
2001501,9
2003901,0
2004101,0
2004701,9
2004801,0
2004901,9
2005101,9
2005301,9
2005401,0
4000301,0
4000601,0
4000801,9
4001401,9
4001801,99
4001901,0
4001902,0
4002501,99
4003201,99
4003801,98
4004101,9
4004801,0
4004901,9
4005001,99
4005301,9
4005801,96
4005901,99
4006101,3
4006101,96
4006301,0
4006401,8
4006401,9
4006701,0
4007001,0
4007002,0
4007701,0
4008401,0
4010401,99
4010501,99
4010701,1
4010701,9
4010901,99
4011601,0
4011701,0
4011801,0
4011901,99
4012201,99
4012401,0
4012402,0
4012701,2
4012701,9
4013001,0
4013201,0
4015301,99
4015401,0
4015701,0
4016401,99
4016801,99
4016802,98
4016803,98
4016804,98
4017201,99
4017301,99
4017401,9
4017901,9
4018001,99
4018101,98
4019001,98
4019401,9
4019701,99
4019801,0
4021101,0
4021401,9
4021901,99
4022601,6
4022801,99
4023401,9
4024601,8
4024901,98
4024902,98
4025101,99
4025102,99
4025201,0
4025501,0
4025701,9
4026401,99
4027501,99
4027901,99
4031101,9
4032601,99
4032801,0
4033201,99
4033501,99
4034701,99
4034901,99
4035201,0
4036101,99
4036201,99
4036401,9
4036701,9
4039001,99
4039101,99
4039401,99
4039501,9
4040401,99
4040701,0
4042001,99
4042701,98
4043301,99
4044301,99
4045001,0
4045002,0
4045301,0
4045501,99
4045901,9
4047301,0
4047601,9
4048401,99
4048701,99
4049001,99
4050101,99
4052001,0
4052401,9
4054401,9
4054601,0
4055201,99
4055801,99
4056001,3
4058001,99
4058101,99
4058401,9
4058901,99
4059101,99
4059301,0
4059701,0
4060201,99
4060301,9
4061101,0
4061401,98
4062001,99
4062201,9
4062801,0
4063401,0
4063501,99
4063701,9
4064201,98
4064301,99
4064501,0
4064701,9
4065101,99
4065301,99
4066901,99
4067001,99
4067801,99
4068401,6
4069001,3
4069201,99
4069301,99
4069701,99
4069801,0
4070201,99
4070301,9
4071401,99
4071801,0
4071802,0
4072401,99
4072501,99
4073201,9
4073701,99
4073901,99
4074101,99
4074801,99
4075101,98
4075102,98
5000201,99
5002601,99
5002801,99
5003001,99
5004501,99
5005101,96
5005601,0
5005701,99
5006101,0
5007301,99
5007801,99
5008801,99
5009701,8
5009702,8
5009801,99
5010001,98
5011601,0
5011701,0
5015001,0
5015401,99
5015601,99
5015801,99
5017401,99
5018801,9
5020601,96
5024901,99
5025901,99
5030601,99
5031001,99
5032301,99
5033801,96
5033901,0
5034001,99
5036201,0
5036701,99
5037201,4
5037501,98
5037502,98
5041501,99
5042601,0
5043801,99
5044701,0
5045201,0
5045701,0
5045801,0
5046201,8
5046201,9
5046901,98
5047401,99
5047601,2
5048501,98
5048701,99
5049201,99
5049202,99
5049401,99
5049501,99
6001001,0
6001101,99
6001201,99
6001401,99
6001501,99
6001601,99
6002501,99
6002901,99
6003001,99
6003801,99
6004401,99
6004501,0
6004601,0
6004701,9
6005401,0
6005701,99
6006901,0
6007301,9
6008001,99
6008501,99
6008601,99
6008901,99
6009001,99
6009201,0
6009401,99
6009701,99
6010401,99
6010402,99
6010601,99
6010701,9
6011301,99
6011801,9
6012001,99
6012201,9
6012701,0
6012801,99
6013001,99
6013301,0
6013701,99
6013801,9
6013901,0
6014101,9
6014201,9
6014401,0
6014601,9
6015201,0
6015601,0
6015602,0
6016001,0
6016101,98
6016401,9
6016501,99
6016601,99
6017501,99
6017701,99
6018001,99
6018201,99
6018301,0
6018302,0
6018401,99
6018501,99
6018601,99
6019001,0
6019101,99
6019301,99
6019401,99
6019501,0
6019601,99
6019701,0
6019801,99
6020201,99
6020401,0
6020601,9
6020901,0
6021101,99
6021301,99
6022501,9
6022502,9
6022601,9
6023201,0
6023701,9
6024001,9
6024701,99
6024801,0
6025101,99
6025201,0
6025301,99
6025601,0
6026201,99
6026401,99
6027301,0
6027302,0
6027501,0
6029201,9
6029901,99
6030001,99
6030601,0
6030602,0
6030603,0
6030604,0
6031101,0
6031201,99
6031801,99
6032001,99
6032101,9
6032501,0
6032601,99
6033001,98
6033501,99
6033601,99
6033701,0
6033901,0
6034001,0
6034301,9
6034501,0
6034601,0
6034901,9
6035001,9
6035701,0
6035801,99
6036101,0
6036401,99
6036601,0
6036801,99
6037101,99
6037201,0
6037501,98
6037901,99
6038201,99
6038401,99
6038801,9
6039001,0
6039002,0
6039101,0
6040301,99
6041201,99
6041301,99
6041401,99
6041901,99
6042801,99
6043201,99
6043401,99
6043701,99
6043901,9
6044401,99
6044402,0
6044501,99
6044601,99
6045801,99
6046401,0
6046501,9
6046601,0
6046801,0
6047401,99
6047701,99
6048501,99
6048701,0
6049201,0
6049301,99
6049701,9
6051701,0
6052401,99
6052601,99
6053301,0
6053401,0
6053501,9
6053601,99
6053901,99
6054101,0
6054301,0
6054401,99
6054501,0
6054701,99
6054901,99
6055001,0
6055101,9
6055201,99
6055301,0
6055501,98
6056001,0
6056501,99
6056801,0
6056802,0
6057401,0
6057801,0
6058001,9
6058101,99
6058501,99
6058601,9
6058901,1
6059801,99
6060701,0
6060801,0
6061701,0
6062101,0
6062301,0
6062701,99
6063301,99
6063801,1
6064201,9
6064301,0
6064302,0
6064303,0
6064601,9
6065001,99
6066101,99
6067701,0
6067901,99
6068101,99
6068401,99
6069201,99
6070201,0
6070202,98
6070203,0
6070701,0
6071001,98
6071401,9
6071801,99
6072301,0
6072501,0
6072801,99
6073001,99
6073101,0
6073501,9
6073601,99
6074601,99
6074801,0
6075001,99
6075101,0
6075201,99
6075601,99
6075801,9
6076301,0
6076501,0
6077001,99
6077101,99
6078201,9
6079301,0
6079601,99
6079801,99
6080001,99
6081101,99
6081501,0
6081901,9
6082301,99
6082701,99
6083301,9
6084001,0
6084101,0
6084501,99
6084701,0
6085001,0
6085601,9
6085701,0
6085801,0
6086101,99
6086201,0
6086301,0
6086801,99
6086901,99
6087101,98
6087301,0
6087701,99
6087901,0
6087902,0
6089001,0
6090801,0
6091101,99
6091801,9
6092101,0
6092301,99
6092401,99
6092901,0
6093001,98
6093701,0
6093901,99
6094701,0
6094702,0
6094801,9
6096001,0
6096002,99
6096401,99
6097501,98
6097701,99
6097901,0
6098101,0
6098301,0
6098701,9
6098801,0
6099201,0
6099601,0
6100301,0
6100701,0
6101601,0
6101602,0
6102101,99
6102301,99
6102801,0
6103201,0
6103501,0
6103502,0
6103503,0
6103601,0
6104701,0
6104901,0
6105001,0
6105101,0
6106101,99
6106701,99
6107101,0
6107301,0
6108001,0
6108201,99
6108601,99
6111001,0
6111101,0
6111901,0
6112501,0
6113501,99
6114601,0
6115101,3
6115101,9
6115401,9
6115801,4
6116401,99
6116801,98
6117001,0
6118101,99
6118401,99
6118501,99
6118701,0
6119001,4
6119001,9
6119101,98
6119201,99
6119301,99
6120501,99
6122601,1
6122801,9
6123701,99
6123702,0
6123801,0
6124101,0
6124301,99
6124701,0
6124702,0
6124801,0
6124901,0
6125001,99
6125201,0
6125701,0
6125801,0
6125901,0
6125902,0
6126001,99
6126601,0
6126701,0
6126801,99
6126901,0
6127501,9
6127601,99
6128101,9
6128201,0
6128701,0
6129001,0
6129002,0
6129101,0
6129301,99
6129401,0
6130201,9
6130301,0
6131001,0
6131101,0
6132301,0
6132501,99
6133101,99
6133201,99
6133501,99
6134301,99
6134302,99
6134601,0
6134701,9
6134801,0
6134901,0
6135001,9
6135101,99
6135201,9
6135601,99
6135901,0
6136001,9
6136101,99
6136701,0
6137201,0
6137202,0
6137401,0
6137501,99
6137601,0
6137701,9
6137901,0
6137902,0
6138301,0
6138601,99
6138701,9
6139101,99
6139102,0
6139401,3
6139402,0
6139701,9
6139801,0
6139802,0
6139803,0
6140301,9
6140501,0
6141701,0
6142201,99
6143101,99
6143401,98
6143901,99
6144001,99
6144301,99
6144901,99
6145301,0
6146101,99
6146401,99
6146601,99
6147401,9
6147801,9
6147901,9
6148001,0
6148701,0
6149101,0
6149401,0
6150001,99
6150601,99
6151001,98
6151401,3
6152501,9
6153201,99
6153801,0
6154001,99
6154301,99
6154901,99
6155101,99
6155401,99
6155501,99
6155901,99
6156001,99
6156301,99
6156601,99
6156801,99
6157001,0
6157101,99
6157301,0
6158501,0
6158701,99
6158901,9
6159001,99
6159201,0
6159501,0
6159701,99
6160101,0
6160301,98
6160302,98
6160501,0
6160801,0
6160901,0
6161001,99
6161101,0
6161301,0
6161901,99
6162301,0
6162501,98
6162701,99
6162901,99
6163501,99
6163901,0
6165001,99
6165201,0
6165301,99
6165701,99
6165801,99
6165901,99
6166101,9
6166201,9
6166401,99
6166501,0
6166801,0
6166802,0
6167001,99
6167401,99
6168001,99
6168201,0
6168401,9
6169501,98
6170701,9
6171101,0
6171301,9
6171801,0
6171901,9
6172201,99
6172301,0
6172701,9
6172901,9
6173401,0
6173901,0
6174001,9
6174002,9
6174003,0
6174401,99
6174601,99
6174701,0
6175501,0
6175801,0
6176301,99
6176501,0
6176801,99
6177001,99
6177201,9
6177801,99
6178101,99
6179001,0
6179101,0
6179201,0
6179801,99
6179901,99
6179902,0
6180201,0
6180701,9
6180801,99
6180901,0
6181001,0
6181501,99
6181701,0
6181801,99
6182001,99
6182401,99
6182601,99
6183001,0
6183101,0
6183201,99
6183301,9
6183401,99
6183801,0
6183901,99
6184001,99
6184201,9
6185001,9
6185201,0
6185301,0
6185701,99
6185901,99
6186001,0
6186401,99
6186701,98
6186702,98
6187401,0
6188701,3
6188801,0
6189101,0
6189201,0
6189401,99
6189601,99
6189901,99
6191001,0
6191101,3
6191501,99
6192201,9
6192601,99
6192701,99
6192801,9
6193401,99
6193501,99
6193601,99
6194001,99
6195101,9
6195201,0
6195301,99
6195601,0
6195801,0
6197401,99
6197501,99
6197601,99
6197701,0
6197901,99
6198001,99
6198301,9
6198401,0
6199101,9
6199601,0
6200001,99
6200401,99
6200501,99
6200601,99
6200901,0
6200902,0
6201001,99
6201201,9
6201501,0
6201701,9
6202301,9
6202901,0
6202902,0
6203301,0
6203302,98
6203601,9
6203701,0
6203901,0
6203902,0
6203903,0
6204101,99
6204401,9
6205301,0
6205601,9
6205801,9
6206101,0
6206401,9
6206901,9
6207101,9
6207301,0
6207501,9
6208001,99
6208201,0
6208301,99
6208401,0
6208501,99
6208601,0
6208801,0
6209801,99
6210001,99
6210501,9
6211101,0
6211501,0
6211701,99
6211801,99
6212001,0
6212201,0
6212401,99
6213001,9
6213801,9
6214001,99
6214301,99
6214401,99
6214501,99
6214901,9
6215001,99
6215301,9
6215601,99
6215701,99
6215901,0
6216101,99
6216501,0
6216502,0
6216601,0
6216701,10
6216801,9
6217301,0
6217701,0
6217801,99
6217901,99
6219401,0
6219501,0
6219801,0
6220201,99
6221001,99
6222101,99
6222102,0
6222301,99
6222401,9
6222501,99
6222601,9
6222801,3
6223001,9
6223501,99
6224401,99
6224701,9
6224801,0
6224802,0
6224901,99
6225001,0
6225101,99
6225301,99
6225701,99
6225901,9
6226001,99
6226101,99
6226201,99
6226501,0
6227601,0
6227801,99
6228201,10
6228401,99
6228601,0
6228602,0
6228701,99
6228901,0
6229101,0
6229301,0
6229302,0
6229901,3
6230201,9
6230301,0
6230501,99
6230601,9
6230801,0
6231601,9
6232001,0
6232201,0
6232301,0
6232501,9
6232601,0
6233201,0
6233501,99
6233601,0
6233701,99
6234101,9
6234501,0
6234601,0
6235001,99
6235101,99
6235501,99
6235701,0
6235801,0
6236001,99
6236101,99
6236201,99
6236701,0
6236901,9
6237301,0
6237601,0
6238201,0
6238401,0
6238601,99
6238701,0
6238801,9
6239201,99
6239301,99
6239401,9
6240201,0
6240301,99
6240401,0
6240501,0
6240601,99
6241101,9
6241201,0
6241401,0
6241701,9
6241801,9
6241802,9
6241901,9
6241902,9
6242001,0
6242401,0
6242901,9
6243201,9
6243301,9
6243601,99
6243901,0
6244401,99
6244701,9
6244901,99
6245401,98
6246001,0
6246501,99
6246601,0
6246701,99
6246801,0
6247201,0
6247301,9
6247401,0
6247501,98
6247601,0
6247701,99
6248201,0
6248301,0
6248901,0
6249301,0
6249401,0
6249801,0
6250201,0
6250202,0
6250203,0
6250204,0
6250301,4
6250701,98
6250801,10
6250901,9
6251101,98
6251201,9
6252601,9
6252801,9
6253301,9
6253401,9
6254101,0
6254601,98
6255101,99
6255201,0
6255401,0
6255501,99
6255601,99
6255701,0
6255702,0
6255703,0
6255801,0
6255901,99
6256401,8
6256401,9
6256901,9
6257201,0
6257202,0
6257301,9
6257401,0
6257402,0
6257501,99
6257601,99
6258001,98
6258301,99
6259001,99
6259101,99
6259301,98
6259901,99
6260201,99
6260501,0
6260701,99
6260801,99
6261001,99
6261301,99
6261401,99
6261701,9
6262001,0
6262101,99
6262701,99
6263101,99
6263601,0
6263602,0
6263901,0
6264001,0
6264201,9
8000101,9
8001001,0
8001201,0
8001901,0
8002201,9
8002401,0
8003701,9
8004101,0
8004102,0
8004601,0
8005901,0
8006201,0
8006301,9
8006501,8
8007101,0
8007102,0
8007103,0
8008001,4
8008201,8
8009201,0
8009202,0
8009901,99
8010001,0
8010101,9
8010501,0
8011301,9
8011901,0
8012601,0
8014401,0
8014402,0
8014601,0
8014701,0
8015301,0
8016401,0
8017301,0
8017901,0
8017902,0
8017903,0
8018201,0
8018202,0
8018501,0
8020001,0
8020002,0
8020101,0
8020201,9
8020701,0
8021401,9
8021601,9
8021801,0
8022401,9
8022801,0
8024401,0
8025501,0
8026001,0
8026201,0
8026301,9
8026302,9
8026701,0
8027101,9
8027401,0
8027601,0
8027801,0
8028101,9
8028401,0
8029701,0
8030201,99
8030601,99
8031601,0
8031801,0
8034801,9
8034901,9
8035001,9
8035201,9
8035301,8
8035301,9
8035601,0
8035801,0
8036201,0
8036202,0
8036203,0
8036901,0
8037001,9
8037101,9
8038201,0
8038401,0
8038402,0
8038701,0
8039501,9
8039801,0
8039802,0
8039803,0
8040301,0
8040302,0
8040401,0
8040701,0
8040801,9
8041401,9
8041801,0
8042701,0
8042801,9
8043001,9
8043401,0
8043601,0
9000401,9
9001301,98
9001601,98
9002001,0
9002901,98
9004601,9
9004801,0
9004802,0
9005201,0
9005701,0
9006201,9
9007301,98
9007501,0
9008101,99
9008301,0
9009201,98
9009801,0
9010901,0
9011001,98
9011301,0
9012001,0
9012701,8
9013101,0
9013301,0
9013401,98
9014101,9
9014501,0
9014701,0
9015801,0
9015901,98
9016901,0
9018101,98
9019001,0
9019002,0
9019201,0
9019601,98
9019701,0
9019702,99
9019703,99
9020101,98
9020401,99
9021001,99
9021101,98
9021201,99
9022101,99
9022201,0
10000101,4
10000501,0
10000601,9
10000801,99
10001401,9
10001401,8
10001801,9
10002501,0
10003001,0
10003101,0
10003401,0
10003701,9
10004201,10
10004301,9
10004401,0
10004601,9
10005101,9
10005601,9
10006001,9
10006002,9
10006601,8
10006601,9
10006701,9
10006702,98
10007301,0
10007302,0
10007801,9
10008501,0
10008601,9
10008901,0
10009401,99
10009501,8
10009601,9
10009701,9
10010001,0
10010101,0
10010701,9
11000301,98
11000501,0
11000701,0
11000901,99
11001101,0
11001301,98
11001401,0
12000501,0
12000601,0
12000901,99
12001301,99
12001501,0
12001901,0
12002201,99
12002301,0
12002501,0
12003301,99
12003601,0
12003701,0
12004101,0
12004501,99
12004701,0
12004801,0
12005101,0
12005201,0
12005202,0
12005401,0
12006201,0
12006401,0
12006901,0
12007001,0
12007401,0
12007901,0
12008201,0
12008801,99
12009001,0
12009101,0
12009201,99
12009601,0
12009602,0
12010401,0
12011901,0
12012201,0
12012501,99
12012601,0
12012602,0
12013201,0
12013301,0
12013901,0
12014501,0
12014701,0
12014801,0
12014901,0
12015101,0
12016001,0
12016301,0
12017101,0
12017501,0
12017701,0
12019001,0
12019201,98
12019301,0
12019302,0
12019303,0
12019401,0
12019501,0
12019801,99
12020001,0
12020101,99
12020301,99
12021001,5
12021002,0
12021003,0
12021201,99
12021901,0
12022101,98
12022701,0
12023601,9
12024501,99
12024601,0
12024701,0
12024801,99
12025101,98
12025301,0
12025501,0
12025601,0
12026001,0
12026201,0
12026401,0
12026501,0
12026502,0
12026503,0
12026601,0
12026801,0
12027001,99
12027601,99
12027701,0
12028801,99
12029301,0
12030201,0
12030501,5
12031101,0
12031601,99
12031901,99
12032001,99
12032101,98
12032201,98
12032401,98
12032501,98
12032502,0
12033001,0
12033002,0
12033101,0
12033201,0
12033401,0
12033701,0
12033801,0
12034101,0
12034301,0
12034501,0
12034801,0
12034802,0
12036201,9
12036901,0
12037101,0
12037401,0
12038001,98
12038801,0
12039401,99
12040401,0
12040501,99
12040801,0
12040901,0
12040902,0
12041801,0
12041901,0
12042301,99
12042601,99
12042701,0
12043101,0
12043102,0
12043301,0
12043501,0
12048101,0
12048601,99
12049201,99
12049401,99
12050301,99
12050501,99
12051001,0
12051701,0
12051801,0
12051802,0
12052001,98
12053001,99
12053201,0
12054001,9
12054801,99
12054901,9
12055401,0
12055501,0
12055601,0
12056301,0
12056401,0
12056701,5
12058001,99
12058201,0
12058301,99
12058801,99
12058901,0
12059101,0
12059102,0
12059201,9
12059202,9
12059801,0
12059802,0
12060001,0
12060201,99
12060202,0
12060601,0
12062501,99
12062901,0
12063101,99
12063102,99
12063301,99
12063501,0
12063601,0
12063901,99
12064001,99
12064002,0
12064601,0
12065301,0
12065401,99
12065601,0
12065701,0
12065801,0
12065901,0
12066401,0
12066402,0
12066601,0
12067701,0
12067801,9
12067901,99
12068101,0
12068201,99
12068601,0
12068701,0
12069001,0
12069101,0
12069201,0
12069701,0
12070001,0
12070101,0
12070201,0
12070301,0
12071001,0
12071501,0
12071901,0
12072101,0
12072901,0
12073801,0
12075301,0
12076101,9
12076301,0
12077001,0
12077201,0
12077701,0
12077801,0
12077901,0
12078501,99
12079001,99
12079601,0
12079701,0
12079702,0
12079901,0
12080901,98
12081101,99
12081801,99
12082401,0
12082501,0
12083501,99
12083601,0
12083701,0
12083801,0
12084701,99
12084901,0
12085001,0
12085101,0
12085201,0
12085501,99
12085601,9
12085901,99
12086201,99
12086401,0
12086701,0
12086702,0
12088301,0
12089701,0
12090101,0
12090801,99
12090901,99
12091301,0
12092001,0
12092401,99
12092501,0
12092502,0
12093001,99
12093601,0
12094201,9
12094301,0
12094401,0
12094501,0
12094601,0
12094701,98
12094702,0
12094801,4
12095001,0
12095101,0
12095401,0
12096101,0
12096901,0
12097101,0
12100601,0
12100701,0
12101701,0
12102001,0
12102901,0
12103301,99
12103501,0
12105401,98
12106501,98
12106502,98
12106503,98
12106504,98
12106601,98
12106602,98
12107001,98
12107701,98
12107702,98
12107801,98
12107901,98
12108201,98
12108301,98
12108601,98
12108701,98
12108801,98
12109501,4
12110001,98
12110101,98
12110102,98
12112301,98
12112401,98
12112402,98
12112501,98
12112601,98
12113001,98
12113701,98
12113901,98
12115301,98
12116201,98
12116301,98
12116401,98
12117001,98
12118201,98
12118301,98
12118701,98
12118901,98
12119901,98
12121601,98
12121801,98
12122101,98
12122201,98
12122301,98
12122401,98
12123101,98
12123701,98
12124001,98
12124002,98
12124401,98
12124601,98
12124701,98
12125301,98
12125501,98
12126101,98
12126401,98
12126501,98
12126701,98
12127001,98
12127701,98
12127801,98
12127901,98
12128001,98
12128201,98
12128901,98
12129301,98
12129401,98
12130101,98
12130401,98
12130801,98
12130901,98
12131101,98
12131201,98
12131601,0
12132001,98
12132101,98
12132401,98
12132402,98
12132701,98
12132801,0
12133401,98
12134401,98
12134801,98
12135101,98
12135201,98
12135501,98
12135701,0
12136701,98
12137001,98
12137101,98
12137501,98
12138401,98
12138501,0
12138801,98
12139801,98
12140501,98
12140901,98
12141001,98
12141301,98
12141901,98
12142001,98
12142201,98
12142301,98
12142801,98
12144101,98
12144501,98
12145301,98
12145601,98
12145701,98
12145901,99
12146001,98
12146501,98
12146701,98
12146702,98
12147201,98
12147501,98
12147801,98
12147901,98
12148301,5
12148501,98
12148801,98
12149101,98
12149601,98
12149801,98
12149901,98
12150101,98
12150601,98
12151301,98
12152101,99
12152701,0
12152702,98
12154001,98
12155101,98
12155601,98
12156101,98
12156301,98
12156401,4
12156801,98
12157101,98
12157102,98
12157103,98
12157104,98
12157105,98
12157501,98
12157701,98
12157801,98
12158101,98
12158201,98
12158401,98
12158601,98
12159501,98
12159601,98
12160001,9
12160701,98
12161201,98
12163301,98
12163701,98
12165001,98
12165301,98
12165401,98
12165501,98
12166001,98
12166101,98
12166201,98
12166401,98
12166801,98
12167201,98
12167301,98
12167401,98
12169201,98
12170301,98
12170401,98
12170501,98
12170502,98
12171201,98
12171501,98
12171601,98
12171602,98
12171701,98
12172001,98
12172401,98
12173601,98
12173602,98
12174101,98
12174201,98
12174301,98
12174601,98
12174701,98
12174901,98
12175101,98
12175201,98
12175501,98
12175701,98
12175801,98
12176101,99
12176201,98
12176401,98
12176701,98
12177001,98
12177101,98
12177201,98
12178301,98
12178302,98
12178801,98
12179201,98
12179601,99
12179701,98
12180001,98
12180101,98
12181401,98
12181501,98
12182101,99
12182901,98
12183101,98
12183201,98
12183401,98
12183801,98
12183901,99
12184401,98
12184501,98
12184801,98
12186001,98
12187001,0
12187301,98
12187901,98
12188601,98
12188801,98
12188901,98
12189801,98
12190101,98
12190201,98
12190301,98
12190601,98
12190801,98
12191001,98
12191101,98
12192301,98
12193201,98
12193501,98
12194201,98
12194301,98
12194801,98
12195001,98
12195301,98
12195401,98
12195501,98
12195901,0
12196101,0
12197101,98
12197301,98
12197801,98
12197901,98
12198301,98
12198701,98
12198702,98
12199301,98
12199601,98
12200101,98
12200201,98
12200401,98
12200501,98
12200601,98
12200901,98
12201601,98
12202101,98
12202201,98
12202701,98
12202801,98
12203201,98
12203901,98
12203902,98
12204101,0
12204201,98
12204301,98
12204401,98
12204801,98
12205201,98
12205701,98
12206101,98
12206901,98
12207401,98
12207501,98
12208401,98
12209701,98
12210201,98
12210301,98
12210401,98
12210501,98
12210601,98
12210801,98
12211601,98
12212101,98
12212501,98
12212601,98
12213401,98
12214501,98
12214701,98
12215301,98
12215401,98
12215701,98
12215801,98
12216301,98
12216501,98
12216601,98
12216801,98
12217301,98
12218001,98
12218101,98
12218201,98
12218301,98
12218701,98
12219101,98
12219501,98
12219701,98
12219801,98
12220501,0
12220701,98
12220801,98
12220802,98
12221001,98
12221101,98
12221501,98
12222001,98
12222301,98
12222501,98
12222901,98
12223701,98
12223801,98
12224101,98
12224201,98
12224401,98
12225101,98
12225201,96
12225501,98
12225701,98
12225801,98
12226101,98
12226201,98
12226401,98
12226501,98
12226601,98
12226602,98
12227601,98
12227901,98
12228101,98
12228301,98
12228401,98
12228501,98
12228701,98
12228801,98
12228802,98
12228803,98
12228804,98
12228805,98
12229101,9
12229201,98
12229301,98
12229401,98
12230101,98
12230401,98
12230601,98
12230801,98
12231001,98
12231201,98
12231801,98
12233201,98
12233301,98
12233401,98
12233501,98
12233901,9
12234301,98
12234601,98
12234701,98
12234801,98
12234901,98
12235001,98
12235301,98
12235401,98
12235501,98
12235701,98
13001901,0
13002101,0
13002801,0
13003201,0
13003701,98
13004201,98
13004301,98
13004401,98
13004402,98
13004403,98
13005001,98
13005601,9
13006101,98
13006201,0
13006301,98
13006701,0
13007101,0
13007102,0
13007301,0
13007501,0
13007502,0
13007701,98
13007901,99
13010601,98
13011001,98
13013101,10
13013301,0
13013401,99
13013801,98
13014101,0
13014401,98
13014801,0
13015001,99
13015701,98
13016301,98
13016701,0
13017801,99
13018301,0
13020101,9
13020401,0
13021201,98
13021501,98
13023201,98
13023701,99
13024801,9
13025301,0
13026201,0
13027101,98
13027901,0
13030801,0
13032801,99
13033501,99
13033801,9
13034901,0
13035101,99
13035501,0
13035701,0
13035901,98
13036401,0
13037501,98
13037502,98
13038201,98
13039901,98
13040001,99
13040401,98
13041401,0
13041801,0
13041901,98
13044401,0
13045201,99
13046601,9
13049301,98
13050801,0
13051101,0
13053201,0
13054001,98
13054002,98
13054003,98
13054101,98
13054701,98
13055901,0
13056401,99
13058301,99
13058501,98
13059201,0
13059301,98
13059601,98
13059701,98
13059901,98
13060101,99
13060102,99
13060103,99
13060601,0
13060701,99
13061601,98
13062601,98
13062701,98
13062901,0
13063201,0
13063202,0
13063203,0
13066001,0
13066801,98
13068301,0
13068302,0
13068501,98
13069101,98
13069401,0
13070201,98
13070301,9
13071301,98
13071302,98
13073401,9
13074201,99
13076401,0
13077001,99
13077101,98
13077701,0
13078001,99
13079501,99
13081001,0
13081401,98
13082701,98
13083101,9
13083801,0
13084001,98
13084701,0
13085201,9
13085301,99
13086401,98
13086501,99
13086701,99
13087101,0
13087301,0
13088101,99
13088301,98
13088601,99
13090101,0
13090401,0
13090501,99
13090601,99
13090801,98
13092401,98
13093201,0
13093301,98
13093501,0
13095001,0
13095101,98
13095201,98
13095401,99
13095601,9
13095701,0
13096001,0
13096002,0
13096901,9
13097001,98
13097201,0
13097401,98
13097901,98
13098001,98
13099401,9
13099601,99
13099801,99
13100201,99
13100301,98
13102201,0
13102301,99
13102501,99
13102801,0
13103101,0
13103301,0
13103401,0
13103601,99
13104401,99
13105001,0
13105601,98
13105701,98
13105901,98
13106001,98
13106601,99
13107401,98
13107701,98
13108101,0
13108201,99
13108601,99
13109001,98
13109301,98
13109302,98
13109501,99
13109701,98
13110201,98
13110601,99
13110701,98
13110801,98
13110901,0
13111101,0
13112501,0
13112901,0
13113001,99
15000101,0
15000301,0
15001201,9
15001501,0
15002001,9
15002401,0
15003001,0
15003002,0
15003003,0
15003004,0
15003005,0
15003501,0
15004701,99
15004901,9
15004902,98
15005101,98
15005401,99
15005801,0
15006201,0
15006801,8
15007301,99
15007601,0
15007701,0
15007801,0
15007901,0
15008001,99
15008401,0
15008801,99
15009801,0
15010001,0
15010002,0
15010301,8
15010301,9
15010801,0
15010802,0
15011001,9
16000101,9
16002401,0
16002501,0
16002701,0
16005301,0
16008001,10
16008101,0
16008201,0
16008801,0
16009201,0
16012201,0
16012801,0
16014101,3
16014701,0
16015001,0
17001101,0
17002001,9
17003201,0
17004301,0
17004901,0
17005401,98
17005601,9
17006001,9
17007301,0
17007302,0
17007701,99
17008101,0
17008401,0
17008801,0
17009101,0
17009401,0
17010001,99
17010301,0
17010701,0
17010901,0
17011201,9
17012401,0
17013401,0
17013501,0
17013701,0
17013801,0
17015601,0
17015701,0
17016101,0
17016301,0
17016801,99
17017001,0
17017501,9
17018901,0
17019301,9
17019701,0
17019801,9
17019901,99
17022801,0
17023001,0
17024601,0
17024901,0
17025001,99
17028601,0
17028602,0
17028603,0
17028604,0
17028901,0
17030601,0
17031001,0
17031701,0
17031801,0
17033201,9
17033301,0
17033801,9
17035101,9
17035301,0
17035302,0
17035701,0
17036501,0
17036601,0
17038501,0
17038502,0
17038601,0
17039001,0
17039801,9
17040601,9
17040901,9
17041501,9
17041502,9
17042501,0
17043601,0
17044901,0
17045601,99
17046701,0
17047401,0
17047801,0
17047901,9
17048901,0
17049301,0
17050001,0
17051401,98
17052001,0
17053601,0
17054801,0
17054901,0
17056201,9
17056301,9
17056501,0
17056701,0
17057101,9
17057801,0
17058101,98
17059701,0
17059702,0
17059703,0
17059704,0
17060201,98
17060301,0
17062001,98
17062601,99
17062701,99
17062801,0
17063501,0
17063601,0
17063801,0
17064101,9
17064201,0
17064301,0
17066001,0
17066201,98
17066401,98
17066601,0
17067001,99
17067101,9
17067701,99
17067901,0
17068201,0
17069401,99
17069901,9
17070001,0
17070701,99
17070901,9
17072901,9
17073401,9
17074001,99
17074101,0
17074301,9
17074601,9
17074801,99
17075101,98
17076001,99
17076101,9
17076301,99
17076401,99
17076801,0
17077101,99
17077201,0
17077701,0
17077801,99
17077901,99
17078301,0
17078401,0
17079501,0
17079801,9
17080401,99
17080501,99
17080801,0
17081301,0
17081501,0
17082101,99
17082801,99
17083001,99
17083101,99
17083501,99
17083701,9
17083801,0
17083901,99
17084401,0
17084501,0
17084601,99
17084602,99
17085001,99
17086201,0
17086501,99
17086701,0
17086702,0
17087101,0
17088501,99
17088901,99
17090401,99
17090501,99
17091401,99
17091701,9
17092101,98
17092401,9
17092501,0
17092502,0
17092601,99
17092701,99
17092901,99
17093001,99
17093101,0
18000101,99
18001501,99
18003601,99
18004501,99
18004801,9
18007101,0
18007301,99
18007302,99
18007601,9
18007901,0
18008401,9
18008501,99
18008601,9
18008801,0
18009301,99
18009302,0
18010801,0
18010802,0
18010803,0
18010804,0
18015601,9
18015701,0
18016901,9
18017601,2
18018201,0
18019601,0
18020101,99
18020102,0
18020103,0
18020104,0
18020105,0
18020106,0
18020501,99
18020801,9
18021401,99
18021901,0
18022901,0
18025601,99
18025801,8
18025801,9
18027101,99
18027102,99
18028601,99
18028801,99
18028901,99
18031201,0
18032701,0
18032801,99
18033801,0
18037501,0
18037502,0
18037503,0
18037504,0
18038501,0
18041101,0
18042101,0
18045201,4
18046301,99
18047201,0
18048501,99
18048601,9
18048801,0
18048901,99
18049601,99
18049901,98
18050901,99
18051701,9
18052401,0
18053001,99
18054701,99
18055501,9
18055801,0
18055901,99
18057401,0
18057701,0
18057702,0
18058301,9
18058901,99
18060501,0
18061701,8
18061701,9
18064101,0
18065401,99
18065701,0
18065801,99
18066101,99
18067301,99
18067601,0
18067701,0
18067702,0
18068501,99
18069601,99
18069602,98
18070801,0
18071401,99
18071801,99
18072101,99
18072401,0
18072402,0
18074101,99
19003401,0
19004401,0
19005101,0
19005701,0
19008401,0
19008801,99
19009501,99
19012101,99
19012201,0
19018701,0
19018801,5
19020401,0
19020601,0
19020801,0
19020802,0
19020803,0
19021101,0
19021901,0
19023501,0
19025301,0
19025901,0
19026601,0
19027501,0
19032001,0
19033101,0
20000101,0
20000201,0
20000202,0
20002601,98
20002901,0
20003001,99
20003101,98
20004501,99
20004601,99
20004701,99
20004702,9
20007901,99
20008101,0
20008601,0
20009801,99
20012101,0
20013701,0
20013801,0
20015601,0
20016301,99
20018601,0
20020101,0
20021801,0
20027101,0
20027102,0
20027601,0
20028501,0
20028502,0
20029201,99
20029801,1
20031001,9
20031101,9
20032001,99
20032501,99
20032601,3
20033001,9
20033101,0
20033601,0
20034401,9
21000401,4
21001301,0
21002001,0
21002301,0
21003101,98
21007101,0
21007501,0
21007502,0
21007901,0
21008801,0
21011301,0
21011901,0
21012601,0
21014901,0
21015901,0
21016101,0
21016701,0
21017001,0
21017002,0
21017003,0
21018101,98
21022801,0
21023201,0
21024301,4
21027101,0
21027401,0
21028301,0
21028501,9
21029601,9
21032401,0
21032402,0
21032403,0
21033501,0
21033601,10
21034401,0
21034501,0
21035901,0
21037901,0
21038001,0
21038601,0
21040101,0
21042501,0
21042801,99
21043801,0
21044301,0
21044801,0
21045301,0
21045701,0
21047701,8
21048201,0
21048901,0
21049301,9
21052601,9
21052602,9
21054201,0
21054601,0
21054701,8
21055801,98
21060201,0
21061801,0
21062101,98
21063701,0
21064501,0
21064801,0
21065501,0
21066001,9
21066401,0
22000901,99
22001501,0
22001901,9
22003201,99
22004301,99
22004901,99
22005401,99
22005601,99
22006001,0
22006101,99
22006102,99
22006301,99
22006401,99
22006801,99
22006901,99
22007101,9
22007301,99
22008101,99
22009001,4
22009101,99
22009601,99
22010701,99
22011301,99
22011701,99
22012501,99
22013001,0
22013701,9
22015301,99
22015401,0
22015601,99
22016201,99
22016701,0
22017101,99
22017201,99
22018301,99
22018501,99
22019201,0
22019601,0
22019701,99
22019901,0
22020801,99
22021501,9
22022301,99
22022601,99
22022701,99
22023201,99
22023501,99
22023601,99
22023801,99
22024001,98
22024901,99
22025201,0
22025301,99
22025401,99
22025601,5
22025701,9
22027901,9
22027902,9
22029001,0
22029301,9
22029501,8
22029601,5
22030401,99
22030701,0
22031301,9
22031401,99
22032401,9
22032601,99
22033501,99
22033701,99
22034001,0
22034501,0
22034601,8
22034601,9
22035001,99
22035201,99
22036001,99
22036101,0
22036201,9
22036201,8
22036301,98
22036901,99
22037401,9
22038001,0
22038101,9
22038901,0
22039001,96
22039002,9
22039201,0
22040001,99
22040301,99
22040501,0
22041201,9
22042001,98
22042101,99
22042401,99
22042901,99
22043201,0
22043202,0
22044001,99
22044301,99
22044601,8
22044801,99
22045201,1
22045201,3
22045801,1
22046901,99
22047201,99
22047401,99
22047801,8
22048001,99
22048101,99
22048201,99
22048301,99
22048401,98
22048701,9
22048901,98
22049101,9
22049201,0
22049501,99
22049701,9
22051101,0
22051201,0
22051301,99
22051501,5
22052301,0
22052801,99
22053101,99
22053501,99
22053901,99
22054001,99
22054201,9
22054401,0
22054701,99
22055301,99
22055501,99
22055701,99
22057001,99
22057501,8
22058601,9
22058701,99
22059001,99
22059401,98
22059701,99
22060401,99
22060601,0
22061001,99
22061701,8
22061701,9
22062701,99
22063801,96
22064001,0
22064201,96
22065001,0
23002501,0
23005301,96
23007001,99
23008101,99
23008901,9
23011001,9
23011201,0
23013401,0
23014401,0
23015101,0
24000101,0
24000201,9
24001001,0
24001002,0
24001101,99
24001201,9
24001301,9
24002201,0
24002202,0
24002401,9
24003201,99
24003701,0
24004001,99
24004201,0
24004501,99
24004601,0
24004901,99
24005201,99
24007701,99
24008601,9
24009201,0
24009401,9
24011401,0
24012201,0
24012401,0
24012801,0
24013801,9
24013901,0
24014401,0
24014801,9
24015201,99
24015401,0
24016401,99
24016901,99
24017301,99
24017401,0
24017601,99
24017901,0
24018001,0
24018101,9
24018201,0
24018401,99
24018901,0
24019501,99
24020301,99
24020501,0
24020601,0
24021401,0
24021601,0
24021801,99
24022001,99
24022002,0
24022003,0
24022004,0
24022601,0
24023401,0
24024101,99
24024801,9
24024901,0
24025201,9
24025901,0
24026001,0
24026601,0
24026901,99
24027701,9
24029501,1
24029601,0
24030601,0
24031101,9
24031801,0
24032101,9
24033101,9
24034201,99
24035201,0
24035301,99
24035501,99
24037101,99
24037102,0
24037301,0
24037401,99
24037901,0
24038101,99
24038301,0
24038401,0
24038801,0
24038901,1
24039001,0
24039101,0
24039301,0
24039501,99
24039701,0
24039801,99
24040301,0
24040601,99
24040701,1
24040801,99
24041001,0
24041301,0
24042801,99
24042901,0
24043101,0
24043201,0
24043401,0
24043402,0
24043701,0
24044101,0
24045001,9
24045501,99
25001301,99
25001401,0
25001701,98
25001901,0
25002001,99
25002101,98
25002102,98
25002201,0
25002301,0
25002801,98
25003901,9
25004401,98
25004701,0
25004801,98
25005601,0
25005801,99
25006501,0
25006601,0
25007001,98
25007101,0
25007501,1
25007801,0
25007901,0
25008201,0
25008301,0
25008302,0
25008601,0
25008901,0
25009501,98
25009502,98
25010901,9
25012201,9
25014601,98
25015501,0
25016201,99
25016501,0
25016502,0
25017701,0
25017702,0
25017801,99
25018001,99
25018501,99
25018601,99
25018602,0
25018701,10
25018801,0
25018901,99
25019001,99
25019301,98
25019701,98
25020201,8
25020301,0
25021101,0
25022001,0
25022201,99
25022301,9
25023201,9
25024401,98
25025201,0
25025301,0
25025701,0
25025801,0
25025901,99
25026101,9
25026201,0
25026501,98
25026502,0
25026601,0
25026701,0
25027101,0
25027601,9
25027701,8
25027801,98
25027901,0
25028001,99
25028401,98
25028501,0
25028701,98
25030001,98
25030701,99
25030901,98
25031001,98
25031201,0
25031401,98
25031601,98
25032201,99
25032301,0
25032501,98
25032601,0
25033001,98
25033101,98
25033201,98
25033501,98
25033502,98
25033801,98
25033901,98
26000401,99
26000901,99
26001601,0
26001701,98
26002701,98
26003201,98
26003901,99
26004001,98
26004701,99
26005301,9
26005302,98
26005401,98
26005501,9
26005701,98
26006001,98
26006002,98
26006101,98
26006201,98
26007201,99
26008101,99
26008401,8
26008901,98
26009201,98
26010001,98
26010201,98
26010202,98
26011101,98
26011102,98
26011301,99
26012701,98
26013501,9
26017201,98
26018501,98
26019501,98
26019502,98
26020201,98
26021001,98
26022901,9
26023001,99
26024301,98
26025901,99
26026101,98
26026102,98
26026103,98
26026104,98
26027501,98
26028801,0
26029601,9
26029901,99
26030301,98
26030302,98
26030303,98
26030304,98
26030601,98
26031801,99
26032501,98
26034001,99
26034201,9
26035101,98
26035301,0
26037001,99
26037101,98
26038101,9
26038301,98
26038701,9
26039201,0
26039202,0
26039401,98
26039801,99
26040301,0
26040501,98
26040701,98
26040801,99
26040901,0
26041101,98
26041401,98
26041601,0
26042001,98
26042401,98
26042901,99
26042902,9
26043001,98
26043002,98
26043101,99
26043401,9
26044201,98
26044301,99
26044801,98
26045101,98
26046601,98
26047301,98
26047501,99
26047801,98
26047901,0
26048101,9
26048301,99
26048401,98
26050501,98
26054401,98
26054501,0
26054601,98
26055501,0
26055901,99
26056001,9
26058301,98
26058401,99
26058801,98
26059101,0
26060001,0
26061801,0
26062401,98
26062501,98
26063301,99
26064001,0
26064601,99
26064602,0
26064603,0
26064604,0
26065001,99
26065701,98
26067401,98
26067501,99
26067601,98
26067901,98
26068001,98
26068301,98
26068701,99
26068901,98
26069801,98
26070001,98
26070501,98
26070601,98
26070701,98
26071501,99
26071701,98
26071901,98
26073401,98
26073501,98
26073601,99
26073801,98
26074001,98
26074002,98
26074003,98
26074101,9
26074801,98
26074901,98
26075001,98
26075401,98
26076201,9
26076301,99
26076302,99
26076501,5
26076502,98
26076503,98
26077001,99
26077002,99
26077701,98
26077702,98
26077703,98
26078101,98
26078501,9
26079901,98
26080001,98
26080501,98
26080701,99
26080901,99
26081501,99
26082601,98
26083901,99
26084401,98
26085001,98
26086901,99
26087201,98
26087301,0
26087401,98
26087801,99
26087901,0
26088101,99
26088201,99
27000501,99
27001801,99
27002001,99
27002801,0
27002901,1
27003601,98
27005201,99
27006201,99
27006401,98
27007601,9
27008001,99
27009601,9
27010101,99
27010401,99
27011701,9
27012401,9
27013601,0
27013602,0
27015301,98
27017601,99
27017701,99
27019501,99
27019701,98
27019801,99
27021001,0
27021101,99
27021102,99
27021701,98
27022001,0
27024401,99
27024601,99
27024701,9
27026801,99
27026901,99
27028001,99
27028501,99
27028801,9
27029201,9
27030601,99
27030901,99
27031001,9
27032101,98
27032201,98
27032202,99
27033201,99
27033301,99
27033901,96
27034201,99
27036101,98
28002401,0
28002901,99
28003101,0
28003301,0
28003601,0
28004101,99
28005501,0
28006801,0
28007001,0
28007601,0
28007701,0
28008901,0
28009201,0
28009202,0
28011501,0
28012601,0
28013201,0
28016401,0
28017901,0
28018301,0
28018302,0
28018501,0
28019501,0
28020001,0
28021501,0
28022101,0
28022201,0
28022401,0
28023701,0
28025101,98
28027601,0
28027901,0
28028101,0
28029701,9
28032901,0
28033801,0
28033901,0
28034401,0
28034501,0
28035801,0
28035802,0
28036801,0
28037301,0
28037901,0
28039201,0
28039501,0
28039801,0
28043501,0
28044501,0
28047001,0
28047002,0
28047401,0
28048601,9
28049201,0
28049701,0
28049901,0
29000701,0
29000901,0
29001101,0
29003201,0
29003701,99
29004701,0
29004801,0
29005001,0
29008001,0
29012001,99
29012501,0
29012601,9
29014001,0
29015101,0
29017001,96
29017201,0
29017501,0
29017901,9
29018101,99
29018102,99
29018901,0
29019101,10
29020101,0
29020201,0
29020202,0
29020601,0
29023201,9
29023301,0
29023401,0
29023501,0
29024601,0
29026301,0
29026401,0
29027101,0
29027201,0
29027501,0
29028201,9
29028901,0
29029001,0
29029401,0
29030701,0
29032401,0
29034701,0
29034901,9
29036101,0
29036401,9
29036601,0
29039301,9
29040101,9
29041801,0
29045201,0
29045401,9
29045501,0
29046501,0
29047401,0
29048601,0
29050101,0
29051001,0
29051401,0
29051501,0
29051701,0
29052001,0
29052101,0
29053901,0
29054201,0
29055301,0
29057201,0
29057202,0
29058501,9
29058701,9
29058901,0
29059001,9
29059601,0
29059602,0
29059603,0
29059604,0
29060301,0
29060601,0
29062001,0
29062201,0
29062401,0
29063601,0
29064701,0
29067501,0
29069701,9
29071301,0
29071701,9
29073001,9
29074101,0
29074102,0
29074901,0
29075301,0
29076301,0
29076401,0
29076701,0
29076801,0
29077001,0
29077701,9
30002701,9
30004101,99
30004102,99
30007601,98
30008301,0
30010301,0
30013101,98
30016101,9
30017601,9
30019101,9
31000201,0
31002401,0
31004201,9
31005601,0
31007501,9
31007801,9
31008901,0
31010101,9
31010401,9
31011901,0
31012101,0
31013201,9
31013801,0
31014101,0
31016501,10
32000101,0
32001101,99
32001201,0
32001301,0
32001401,99
32001501,9
32001701,9
32001901,99
32002201,0
32003101,0
32003102,0
32003501,99
32004601,99
32004801,0
32004901,98
32005601,9
32006301,99
32006801,9
32007001,9
32007501,0
32007601,99
32007901,9
32008901,9
32008902,9
32009501,99
32009701,99
32010001,9
32010101,0
32010102,0
32010103,0
32010701,99
32010801,99
32012301,0
32013901,99
32014001,9
32015201,99
32015601,99
32015801,9
32016601,0
32016901,0
32017001,9
32017002,99
32017201,4
32017201,9
32017501,0
32018301,9
32018401,9
32018901,99
32019001,99
32019701,0
32019702,0
32019703,0
32019704,0
32019705,0
32019706,0
32019707,0
32019901,9
32020001,9
32020401,0
32020402,0
32020801,99
32021001,99
32021701,9
32021801,99
32021901,0
32022301,96
32022401,98
32022801,9
32023001,98
32023201,98
32023501,4
33001101,3
33001701,0
33003001,3
33003001,9
33003901,0
33005901,8
33006001,0
33007601,0
33008801,0
33009001,0
33009002,0
34000201,99
34000301,0
34000701,99
34000801,99
34001101,0
34001901,0
34003201,0
34003401,0
34003402,0
34003501,0
34003601,0
34003801,9
34003901,0
34004001,0
34004501,0
34004701,99
34005001,99
34005101,99
34005501,0
34005601,99
34006301,0
34006401,0
34006701,99
34006901,99
34007101,0
34007701,0
34007901,0
34009001,0
34009101,0
34009201,8
34010401,99
34011101,0
34011201,0
34011301,0
34011501,0
34011801,9
34012201,0
34012301,99
34012501,99
34012601,0
34012801,99
34012802,8
34013101,0
34013201,99
34013401,0
34014201,99
34014301,9
34015101,0
34015601,99
34016001,9
34016601,0
34016701,99
34017401,99
34017601,99
34018501,0
34018502,0
34018601,99
34018701,0
34019301,99
34019601,99
34020301,99
34021501,98
34021601,0
34021801,99
34022101,99
34022301,99
34022601,9
34023401,0
34023501,0
34024101,0
34024401,9
34024701,99
34025301,10
34026601,0
34026701,99
34026901,96
34027301,99
34027501,99
34027801,99
34027901,0
34028601,0
34028701,0
34029501,0
34029502,0
34029801,99
34030101,0
34030701,99
34031001,1
34031301,0
34032101,0
34032301,99
34032801,0
34033201,0
34033202,0
34033401,0
34033501,99
34033601,99
34033801,99
34033901,9
34034201,0
34034202,0
34034203,0
34034204,0
34034205,0
34034701,99
34034801,99
34035101,0
34035601,0
34035901,99
34036101,0
34036201,8
34036201,10
34037601,99
34037701,99
34037801,0
34038201,0
34038901,99
34039201,9
34039301,0
34039901,0
34039902,0
34039903,0
34040001,0
34040601,0
34041001,99
34041101,99
34042201,96
34042501,99
34042901,99
34043501,9
34043502,9
34043601,0
34043901,99
34044601,0
34044801,9
34045201,99
34045401,0
34045701,96
34045901,0
34046001,9
34046201,99
34046501,0
34046601,0
34046801,99
34047001,99
34047201,1
34047701,0
34047801,0
34048001,0
34048101,99
34048201,99
34048301,0
34048701,0
34049101,99
34049901,99
34050101,0
34050301,99
34050401,9
34050701,9
34050901,99
34051001,98
34051501,0
34051601,0
34051801,99
34052001,0
34052401,98
34052501,9
34052701,0
34053001,0
34053501,0
34053601,0
34053701,99
34053801,10
34053901,0
34054101,9
34054102,0
34054301,9
34054701,9
34054801,0
34055101,0
34055601,0
34055801,9
34055901,99
34056101,9
34056201,99
34056701,0
34056801,99
34057201,9
35000101,9
35000801,9
35001401,0
35002701,0
35003001,9
35003201,9
35003202,9
35003901,0
35004001,9
35004201,9
35005001,9
35005201,9
35005401,9
35006101,0
35006501,8
35006601,9
35006701,9
35006901,0
35007001,0
35007601,0
35008801,0
35009001,8
35009801,10
35011501,8
35012001,0
35012201,0
35012701,99
35012801,0
35013501,0
35013601,0
35014001,99
35014101,99
35014401,9
35014401,8
35015701,98
35016501,9
35016701,3
35016901,99
35017201,9
35017401,0
35020101,9
35020101,8
35020801,98
35021701,99
35022101,7
35022101,6
35022301,0
35024101,1
35024301,99
35024601,9
35024801,99
35024901,98
35025201,0
35025901,9
35026101,9
35026401,9
35026601,0
35027101,98
35028101,9
35028301,9
35029001,99
35029301,0
35030101,0
35030401,0
35030801,9
35030901,9
35031501,99
35032101,9
35032301,9
35032601,0
35033701,98
35033702,98
35033703,98
35034201,0
36000501,0
36000601,0
36000901,0
36001601,0
36002101,0
36003001,0
36003401,0
36003601,0
36003801,0
36004701,0
36004801,0
36005001,0
36005201,0
36005301,0
36006401,0
36006501,0
36006701,9
36006801,9
36007201,0
36007301,0
36007501,0
36007801,0
36008101,0
36008601,0
36008901,0
36009001,0
36009201,0
36009401,0
36009901,9
36010301,0
36010501,0
36010601,0
36010801,0
36011101,0
36011201,0
36011301,0
36011701,0
36011801,0
36011901,0
36012101,0
36012201,0
36012401,0
36012701,0
36012801,0
36012901,0
36013001,0
36013301,0
36013801,0
36014101,0
36014401,0
36014901,9
36015001,0
36015101,0
36015201,0
36015501,0
36015601,0
36016301,0
36016401,0
36016601,0
36016701,0
36017001,9
36017601,0
36018101,0
36018401,0
36018701,0
36019201,0
36019401,0
36019501,0
36020301,0
36020401,0
36021101,0
36021201,0
36021501,0
36021701,0
36022001,0
36022201,0
36023001,0
36023201,0
36023301,0
36023401,0
36023801,0
36024201,0
36024401,0
36025001,0
36025301,9
36025801,0
36026401,0
36026901,0
36027301,0
36027601,0
36027701,0
36027801,0
36028001,0
36028201,0
36028401,0
36028501,0
36029001,0
36029101,0
36029201,0
36029701,0
36030701,0
36030901,0
36031101,0
36031501,0
36031801,0
36032001,0
36032501,0
36032801,0
36032901,0
36033201,9
36033401,0
36033601,0
36034801,0
36035001,0
36035101,0
36035301,9
36035901,0
36036301,0
36036601,0
36036602,0
36037101,0
36037201,0
36037401,0
36037801,0
36037802,0
36037803,0
36037901,0
36038301,0
36038501,0
36038701,0
36038801,0
36039101,0
36039201,0
36039301,3
36040001,0
36040201,0
36040801,0
36041301,0
36041601,0
36041602,0
36042501,0
36042601,0
36042602,0
36043101,0
36043401,0
36043601,0
36043602,0
36043801,0
36044201,0
36044601,9
36044801,0
36045201,0
36045901,0
36046301,0
36046302,0
36046601,0
36046701,0
36046901,0
36047101,0
36047601,0
36048301,0
36049701,0
36050601,0
36050901,0
36051901,0
36052201,0
36052401,0
36052601,9
36053001,0
36053701,0
36053801,0
36054001,0
36054401,0
36054501,0
36054502,0
36054701,0
36055701,0
36057201,0
36057202,0
36057301,0
36058001,0
36058101,0
36058701,0
36058801,0
36059001,0
36059301,0
36059302,0
36059401,0
36059601,0
36059701,0
36059901,0
36060401,9
36060601,0
36060701,9
36061301,0
36061601,0
36061901,0
36062001,0
36062201,0
36062301,0
36063201,9
36063701,0
36064501,0
36065601,0
36065901,0
36066201,0
36066202,0
36066203,0
36066501,0
36066601,0
36066701,0
36067001,0
36067201,0
36067901,9
36068101,0
36068401,0
36068701,0
36069201,0
36069501,9
36069901,0
36070501,0
36071301,0
36072901,0
36073001,0
36073401,0
36073701,0
36074701,0
36074901,0
36075101,0
36075501,0
36076101,0
36076201,0
36076701,0
36077101,0
36077201,9
36077401,0
36077601,0
36078101,0
36078901,0
36079201,9
36079501,0
36080001,0
36080201,0
36080401,0
36080501,0
36080901,0
36081101,0
36081201,9
36081301,0
36081701,0
36082201,0
36082601,0
36082801,0
36083001,0
36083101,0
36083301,0
36083801,0
36084001,0
36084101,0
36084401,0
36084501,0
36084601,0
36085101,0
36085501,0
36086301,0
36086601,0
36086701,0
36086801,0
36087401,0
36087601,0
36088301,0
36088302,0
36088303,0
36088401,0
36088402,0
36089001,0
36089101,0
36089102,0
36089301,0
36089701,0
36089801,0
36089901,0
36090101,0
36090102,0
36090401,0
36090701,0
36091301,0
36091801,0
36091901,0
36091902,0
36091903,0
36092501,0
36092601,0
36092801,1
36092901,0
36093101,0
36093301,0
36093401,0
36093601,0
36093701,0
36093702,0
36093901,0
36094001,9
36094101,0
36094301,0
36094801,0
36094901,0
36095001,0
36095801,0
36096101,0
36096201,0
36096801,0
36096901,0
36097001,0
36097101,0
36097102,0
36097501,0
36097701,0
36098301,0
36098501,0
36098901,0
36099001,0
36099201,0
36099401,0
36099501,0
36099601,0
36100001,0
36100101,0
36100201,0
36100401,0
36100601,0
36100801,0
36100901,0
36101101,0
36101401,0
36102101,0
36102201,0
36102601,0
36102701,0
36102801,0
36103201,0
36103501,0
36103601,0
36103701,0
36103801,0
36103901,0
36104201,0
36104301,0
36104302,0
36104501,0
36104601,0
36104602,0
36104701,0
36105001,0
36105101,0
36105901,0
36106101,0
36106201,0
36106401,0
36106701,0
36106702,0
36106901,0
36107201,0
36107301,0
36107302,0
36107501,0
36107701,0
36107901,0
36108101,0
36108301,0
36108401,0
36108701,0
36108801,0
37000301,0
37002001,0
37002701,0
37003301,9
37003601,0
37003701,0
37005701,99
37006101,9
37006201,99
37008601,10
37008901,99
37009401,9
37009801,0
37010501,9
37011601,0
37011602,0
37011603,0
37011604,0
37012301,9
37012901,9
37013001,99
37013401,9
37014701,0
37014702,0
37014801,0
37015001,9
37015901,9
37016601,9
37016701,0
37017501,98
37018801,99
37019201,0
37019401,0
37019501,99
37019901,0
37020501,9
37020601,0
37020801,0
37021001,99
37021701,9
37022101,1
37023401,9
37025201,0
37025701,99
37027301,0
37027701,99
37028201,0
37029401,0
37029901,99
37031901,99
37032101,9
37032601,99
37033301,9
37033901,99
37034601,9
37034701,99
37036501,0
37036601,0
37036801,9
37037901,0
37039301,0
37040501,0
37040601,9
37040701,0
37041501,0
37041502,0
37041503,0
37041601,0
37041602,0
37041901,0
37041902,0
37042901,0
37043001,0
37044701,0
37045001,9
37045701,5
37046501,0
37046901,9
37047501,0
37047801,0
37049301,0
37050601,9
37050801,99
37050901,99
37052001,0
37052101,9
37052201,9
37052401,0
37053101,99
37054401,0
37056301,9
37057101,0
37057701,0
37057702,0
37057801,9
37057901,99
37058001,9
37059201,99
37059501,9
37059601,99
37059602,99
37059801,0
37059901,0
37060001,9
37061301,99
37061401,0
37061402,9
37062501,99
37062901,9
37064501,99
37064502,0
37064901,99
37065001,0
37065201,9
37065501,9
37065901,9
37066301,0
37066501,9
37067401,0
37067402,0
37068001,0
37068101,0
37068301,99
37069201,0
37069301,99
37069401,0
37071401,99
37072001,99
37072301,0
37072501,99
37072801,0
37073101,9
37073201,99
37073301,9
37073401,9
37073601,9
37073901,9
37075001,0
37075601,99
37077201,99
37077301,9
37078501,0
37079701,0
37080701,99
37081501,99
37081701,9
37082001,0
37082801,0
37082901,0
37084001,0
37084101,10
37084201,10
37084401,0
37085001,9
37086101,0
37086801,9
37087701,0
37088201,99
37088301,99
37089601,99
37090101,99
37090201,9
37091301,0
37091701,9
37092601,99
37093001,9
37093301,99
37093801,9
37094201,9
37094401,9
37094501,0
37094801,0
37096001,9
37096201,99
37096901,9
37097501,9
37098801,0
37099701,0
37099801,0
37101101,99
37102101,0
37102102,0
37102201,99
37103301,0
37103501,99
37103601,9
37104201,0
37105801,0
37105901,0
37106101,9
37106301,0
37106302,0
37106401,98
37107101,9
37107201,0
37107801,9
37108801,0
37109301,0
37109401,0
37110801,9
37110901,9
37111001,9
37111501,0
37111601,0
37111602,0
37111901,9
37112201,99
37112301,0
37112701,0
37113001,0
37113501,99
37113701,99
37114201,0
37114401,9
37114901,0
37115401,99
37115701,99
37116001,0
37116301,0
37116302,0
37116501,0
37117601,9
37117901,0
37118601,9
37118801,0
37118901,0
37119301,9
37119501,0
37119601,0
37120001,99
37120401,9
37120501,99
37120601,0
37121401,9
37121501,0
37121901,99
37122101,9
37122301,99
37122401,99
37122501,0
37122801,9
37123001,0
38000401,99
38004601,99
38006101,99
38006102,99
38006103,99
38006104,99
38009901,0
38009902,0
38009903,0
38009904,0
38009905,0
38009906,0
38009907,0
38009908,0
38009909,0
38011401,0
38011601,9
38011801,9
38011802,9
38012101,99
38013901,99
39000601,0
39001701,0
39001702,0
39001703,0
39002201,9
39003201,99
39003601,9
39004401,0
39004601,0
39005101,0
39005301,0
39005501,9
39005601,0
39005602,0
39005701,99
39005702,0
39006501,99
39007401,0
39009801,96
39009901,99
39009902,99
39011001,99
39011201,99
39012201,9
39012301,98
39012701,0
39013001,99
39013301,9
39014301,99
39014401,99
39014701,99
39015301,0
39015401,99
39016301,0
39017601,9
39017701,9
39018401,99
39018601,98
39020301,1
39020701,9
39022001,99
39022101,9
39023501,99
39023701,99
39025701,99
39025801,0
39026001,0
39026301,98
39026501,9
39027001,0
39027101,0
39028801,9
39029001,0
39031501,0
39031701,9
39032401,9
39033601,99
39035801,99
39038901,99
39039001,96
39041901,0
39041902,0
39041903,0
39043101,0
39044001,0
39046801,99
39046901,99
39050301,9
39052101,9
39052901,0
39053001,99
39053101,99
39053102,0
39053801,98
39054001,98
39054601,0
39054901,99
39057401,0
39057801,9
39057802,9
39058001,99
39059001,9
39059801,0
39060101,99
39060401,98
39060402,0
39061201,98
39061801,99
39061901,9
39062401,0
39063201,0
39063801,96
39066101,99
39066901,99
39067401,99
39069401,99
39070201,98
39071001,99
39071301,98
39071302,0
39071303,0
39071304,0
39071401,9
39072401,99
39072601,0
39074201,99
39075901,0
39078301,0
39079101,0
39079501,0
39081001,99
39081701,0
39081901,99
39082401,99
39082701,99
39082702,99
39082801,9
39083101,0
39084701,9
39085201,98
39086101,0
39087501,0
39088301,96
39088501,0
39089001,0
39089301,9
39089701,0
39090201,99
39091301,0
39091801,0
39091901,0
39092301,0
39092901,0
39095401,0
39096101,99
39096201,0
39096801,9
39097101,9
39097601,96
39098601,0
39100201,9
39100301,0
39100302,0
39100303,0
39101401,99
39103101,99
39105301,98
39105401,0
39106001,0
39106101,99
40001201,99
40001301,99
40001601,99
40001901,0
40002701,9
40003101,0
40003701,9
40006601,0
40007201,99
40007601,0
40007901,99
40008001,99
40008301,0
40010101,99
40010701,99
40011301,0
40011901,99
40012001,99
40014401,9
40015301,9
40017901,9
40018301,99
40020001,0
40020401,9
40021701,98
40022701,99
40022801,99
40022901,0
40024501,99
40024801,99
40025501,99
40029401,0
40030501,99
40031401,0
40031402,0
40031601,99
40037001,99
40037201,99
40037701,99
40039401,99
40039601,99
40043001,99
40044001,99
40044501,99
40046301,99
40047801,99
40049501,0
40050401,0
40051001,99
40051601,99
40051901,9
40052701,99
40052901,99
40054201,99
40054801,99
40055001,8
40056301,0
40056401,99
40057501,99
40058001,0
40058201,96
40058401,99
40058801,9
40059301,99
40059601,0
40059701,0
40060601,99
40060901,99
40061301,0
40063301,0
40063401,99
40063601,0
40063901,0
41000201,9
41000701,98
41000801,0
41000901,9
41001401,7
41001501,99
41001601,99
41001801,0
41002101,98
41002601,98
41003101,99
41003501,99
41003801,9
41003901,98
41004001,0
41004201,9
41004301,99
41004601,9
41005101,98
41005301,99
41005701,98
41005801,9
41006801,99
41007601,99
41008201,9
41008501,0
41008701,0
41009201,98
41009301,0
41009501,99
41010001,99
41010201,98
41010401,98
41011001,99
41012401,98
41012601,99
41013401,0
41014101,0
41016301,98
41016701,98
41018101,99
41018201,0
41019101,9
41019301,98
41019501,98
41019701,98
41021801,99
41022101,0
41022401,99
41022801,0
41023201,98
41023501,98
41024901,99
41025301,99
41025401,98
41025801,0
41025901,99
41026201,99
41027201,0
41027202,98
41027601,98
41027602,98
41027603,98
41027901,9
41028101,9
41028401,99
41028501,0
41029301,9
41029401,0
41029801,0
41031001,0
41031201,98
42000901,99
42001201,0
42001801,99
42001901,0
42002501,0
42002601,0
42002801,0
42003001,0
42003301,99
42003401,9
42003501,0
42003701,99
42010301,0
42010701,0
42011001,0
42011501,0
42011901,9
42012001,9
42012101,0
42012301,99
42012501,0
42012601,99
42012701,0
42012901,99
42013001,99
42015101,99
42015601,0
42015801,9
42015802,9
42016101,99
42016501,0
42017501,0
42017601,0
42017701,0
42018301,99
42018501,0
42018901,0
42018902,0
42018903,0
42018904,0
42020001,0
42020401,0
42021201,0
42021401,99
42021501,0
42021801,99
42021901,0
42022001,0
42023101,0
42023201,0
42023301,0
42023401,0
42023501,99
42023801,99
42024301,99
42024801,9
42024901,0
42026501,99
42027001,0
42027101,99
42027901,9
42028801,0
42030401,0
42031201,9
42032401,0
42032402,0
42034701,0
42034801,9
42037001,0
42039901,99
42040101,99
42040301,99
42041801,0
42042001,0
42042501,0
42043301,4
42044201,99
42044401,0
42044402,0
42044403,0
42044601,0
42044602,0
42044603,0
42045501,99
42046401,0
42050701,0
42050702,0
42052501,0
42053401,0
42053501,99
42054001,0
42054101,99
42054301,0
42054401,99
42054701,99
42055401,0
42058501,0
42060901,0
42064101,8
42064101,9
42064301,0
42065101,9
42065201,99
42065701,0
42065801,0
42065901,99
42066101,0
42066801,0
42067001,9
42068001,0
42069401,0
42070401,99
42072001,0
42073801,99
42074801,9
42076201,99
42076301,9
42077901,99
42077902,0
42078001,0
42078101,9
42079101,0
42079102,0
42080901,99
42083701,0
42084101,98
42084301,99
42084701,0
42086801,0
42087001,0
42087101,0
42087701,0
42088101,9
42088201,0
42089301,0
42089601,0
42089602,0
42089603,0
42089604,0
42091401,9
42093901,99
42093902,0
42094001,99
42094301,0
42094401,0
42094601,99
42096101,99
42096201,99
42096301,99
42096302,99
42096601,0
42098801,99
42099401,0
42099501,0
42101301,0
42101302,0
42101401,0
42101402,98
42101801,9
42101901,0
42101902,0
42102101,0
42102701,0
42103001,0
42103301,0
42104801,99
42107601,0
42107701,0
42108001,0
42108101,0
42108401,3
42108701,99
42109401,0
42110001,0
42110201,99
42111001,99
42111101,0
42111401,0
42114201,0
42114401,0
42114501,0
42115001,0
42115101,0
42115201,99
42115301,99
42115401,0
42115601,99
42115901,99
42116101,99
42116401,0
42118201,0
42118301,0
42118401,0
42118501,99
42118801,99
42119901,0
42120401,0
42120501,0
42120601,0
42120701,99
42120801,99
42121001,1
42121101,0
44000301,0
44001501,0
44002901,98
44003601,0
44003602,98
44003603,98
44004401,0
44004801,9
44005001,98
45000201,0
45001201,0
45001801,9
45002201,0
45002301,0
45002901,0
45003001,0
45003101,0
45003201,0
45004801,0
45004901,0
45005301,9
45005302,9
45006001,0
45007401,0
45007501,0
45007801,0
45007802,0
45008101,0
45008201,0
45008301,0
45009301,0
45009701,0
45010101,0
45012301,0
45012302,0
45012501,0
45013101,9
45015201,0
45015801,0
45016601,0
45017201,0
45017301,0
45018901,0
45020401,9
45020801,0
45020901,0
45022001,0
45022301,0
45022801,0
45023001,0
45024201,0
45024301,0
45024501,0
45025801,0
45026201,0
45027101,0
45027201,0
45027601,0
45027801,0
45028101,0
45029001,9
45030201,0
45030501,0
45030701,0
45031301,0
45031701,0
45032001,0
45034701,0
45035401,0
45035801,0
45036701,0
45039301,0
45040701,0
45042201,9
45042901,0
45043301,0
45043501,0
45044001,0
45044701,0
45045001,0
45045101,9
45046201,9
45047101,0
45047801,0
45047901,9
45048101,0
45048301,0
45049101,0
45049201,0
45049601,0
45049901,0
45050101,0
45051801,0
45052501,0
45053101,9
45053401,0
45053801,0
45054101,0
45054301,9
45055101,0
45055401,0
45055601,9
45055901,0
45057101,0
45057102,0
45057401,0
45058101,0
45058201,0
45058202,0
45058801,9
45060401,0
45060402,0
45060501,0
45060701,0
45060801,0
45063301,9
45063901,0
45064701,0
45064901,0
45065201,0
45065801,0
45067201,0
45067301,0
45067701,9
45067801,0
45068001,0
45069601,0
45069701,0
45070301,9
45070601,0
45071401,9
45071901,0
45072001,0
45072501,9
45073301,0
45073601,0
45073602,0
45074201,0
45074501,0
45074801,0
45075001,0
45075401,0
45077101,0
45077501,0
45077601,0
45077701,0
45079001,0
45079201,9
45079301,9
45080101,0
45080701,9
46002401,9
46008501,99
47000301,0
47002301,9
47002601,99
47003701,5
47004701,99
47006201,0
47006301,0
47006302,0
47006303,0
47008601,98
47009801,98
47014001,98
47016001,0
47016201,98
47016601,98
47016901,99
47017001,0
47017201,99
47020401,99
47020801,9
47021701,0
47021702,0
47021703,0
47021704,0
47021705,0
47021801,98
47022501,0
47022901,0
47023901,0
47027501,99
47028201,99
47030501,99
47032101,98
47033201,99
47033202,99
47036201,0
47039901,0
47039902,0
47039903,0
47040701,98
47043801,96
47044501,99
47046801,99
47052501,99
47053001,9
47053101,0
47053301,9
47053302,9
47053303,9
47053501,99
47053601,99
47054401,98
47054701,9
47057101,99
47057801,99
47059701,99
47060101,9
47060601,99
47061601,98
47061901,99
47063101,0
47063102,0
47064501,0
47064502,0
47064503,0
47064601,98
47064901,0
47065201,0
47069701,99
47070901,0
47071701,98
47073901,9
47075901,99
47077901,99
47078601,98
47078602,98
47080701,9
47082001,99
47082501,9
47082701,99
47082801,99
47086201,99
47086601,9
47086701,99
47086901,99
47087401,99
47090301,0
47090302,99
47092401,99
47093101,99
47094101,98
47094701,9
48000401,9
48000601,98
48000701,9
48000901,98
48001201,0
48001901,0
48001902,0
48002401,98
48002601,98
48002602,98
48003101,9
48003301,0
48005101,0
48005501,9
48005701,0
48005702,0
48005801,0
48006001,0
48007001,0
48007101,0
48007501,0
48007601,0
48008101,98
48008601,9
48008701,98
48009001,9
48009201,98
48010101,0
48010201,9
48010301,0
48010801,9
48011101,0
48011501,9
48011701,0
48012001,0
48012401,0
48012601,0
48013401,98
48014101,9
48015001,8
48015101,0
48016701,0
48016702,0
48017101,0
48017601,0
48018101,98
48019101,0
48019801,9
48020401,0
48020402,0
48021101,0
48021701,0
48022301,9
48023401,0
48023701,0
48023901,0
48024101,0
48024301,0
48024701,0
48024801,9
48024901,0
48025201,9
48026101,1
48026301,0
48026501,0
48027001,0
48027201,0
48027301,0
48027501,0
48027601,0
48027602,0
48027701,0
48028501,9
48028901,98
48029301,98
48030401,0
48030501,0
48032801,0
48034101,0
48035501,98
48036101,8
48036601,9
48037401,98
48037601,98
48038301,0
48038601,0
48039001,0
48039601,0
48039701,0
48040701,0
48041201,98
48042101,0
48042401,0
48043501,0
48044501,0
48044701,0
48044901,98
48046601,0
48046801,9
48047401,0
48048101,9
48048301,98
48048302,98
48048303,98
48048501,98
48048502,98
48048801,9
48049901,9
48049901,5
48050701,0
48051001,0
48051601,0
48051602,0
48052301,98
48052302,98
48052701,98
48053201,0
48053601,0
48054201,0
48054301,9
48054901,0
48055301,0
48055302,0
48055801,0
48056401,0
48056701,0
48056801,9
48056901,9
48056902,0
48057601,0
48059201,98
48059301,9
48060201,0
48060401,9
48061801,0
48062601,0
48062901,9
48063701,9
48064001,98
48064901,98
48065001,98
48067001,0
48067401,9
48067501,98
48068501,0
48068801,0
48069901,98
48070401,8
48070601,0
48071401,9
48071501,98
48072001,9
48073101,98
48073102,98
48073701,98
48073801,98
48075301,8
48076001,0
48076601,0
48077401,0
48078401,9
48079701,0
48079901,9
48080001,9
48080101,0
48080201,8
48080301,0
48081601,98
48081901,98
48082201,0
48082601,0
48082602,0
48083301,0
48083401,0
48084101,9
48085201,0
48085601,0
48086101,0
48086201,0
48086501,0
48087001,9
48087101,98
48087401,98
48087801,9
48090201,0
48091601,98
48091901,98
48092501,0
48092502,0
48094601,0
48097101,98
48098001,98
48098002,98
48098003,98
48098004,98
48098401,0
48098402,0
48098601,0
48099601,0
48099701,0
48099901,0
48100501,98
48100601,98
48100701,98
48100901,98
48103501,98
48103801,9
48103901,98
48104701,0
48105101,9
48105701,0
48108301,0
48109001,9
48110401,0
48110601,9
48111101,98
48111701,9
48112501,9
48112701,0
48113701,98
48114101,9
48114901,0
48116701,98
48116702,98
48117301,98
48118701,0
48119001,0
48120601,9
48121201,0
48121401,0
48121901,0
48122701,0
48123401,98
48124101,0
48124201,0
48125601,0
48125701,0
48126401,98
48126801,98
48127501,0
48128001,0
48128401,9
48129101,0
48129401,0
48129601,9
48129801,0
48129802,0
48130201,98
48131201,0
48131801,99
48133001,98
48133101,9
48136001,98
48136501,0
48139101,0
48141301,9
48142201,98
48142301,9
48142901,98
48143001,98
48143301,98
48143701,98
48143901,9
48144101,8
48144601,0
48145201,9
48147001,98
48147002,98
48147201,0
48148001,0
48148301,0
48148401,9
48148901,0
48150001,98
48151301,9
48152201,0
48152301,0
48152401,0
48153201,0
48153901,0
48154001,0
48154401,0
48154601,0
48154602,0
48154603,0
48154604,0
48155201,9
48156601,0
48157001,9
48157101,9
48157301,98
48158101,0
48158301,0
48158701,0
48159001,0
48159501,0
48160001,5
48160002,0
48160003,0
48160501,0
48160601,0
48161601,0
48161801,0
48162001,0
48162601,98
48163101,0
48164201,0
48165501,0
48165701,0
48166001,0
48166601,98
48167201,0
48167401,9
48167701,0
48168501,9
48168502,9
48168701,0
48168801,0
48170001,0
48170201,0
48170901,0
48171301,98
48171501,98
48172201,0
48172401,0
48173101,98
48175801,98
48176601,0
48177301,9
48177302,0
48177701,0
48178001,0
48178301,0
48178601,9
48178901,0
48178902,0
48181001,0
48181101,0
48181301,9
48181801,0
48183501,9
48183601,9
48183701,0
48184201,99
48184701,0
48184801,0
48185501,0
48187901,0
48188101,9
48188401,98
48189101,0
48189601,5
48190001,0
48190401,0
48192501,98
48192502,98
48192503,98
48192504,98
48192505,98
48192506,98
48192601,98
48192801,9
48193801,0
48194501,98
48194801,98
48195101,0
48195102,0
48195201,0
48195501,9
48195801,0
48196001,9
48196801,0
48198601,98
48199701,0
48199901,0
48200101,0
48200401,0
48202201,0
48202701,0
48203701,0
48203901,0
48204101,0
48204401,9
48205901,9
48206601,98
48207301,0
48208101,98
48208401,98
48208501,98
48208601,98
48209401,0
48209701,0
48209801,0
48210001,0
48210101,98
48210301,98
48210601,98
48210901,98
48211801,0
48212701,0
48212801,0
48212802,0
48213501,0
48214501,0
48215501,98
48215601,98
48217001,1
48217101,98
48217601,98
48217901,98
48219101,9
48219301,98
48219401,98
48219402,98
48220401,0
48220601,0
48221601,0
48221901,0
48222201,98
48223101,9
48223501,0
48223801,0
48224901,6
48225001,98
48225101,0
48225501,0
48225901,0
48226201,9
48227001,0
48227002,0
48227003,0
48227201,0
48227202,0
48227401,0
48227901,0
48228301,0
48228401,0
48228901,0
48230001,0
48231201,0
48232801,9
48233401,0
48233501,0
48233801,0
48234401,0
48234901,8
48235401,0
48236101,98
48236102,98
48236201,98
48236501,98
48236801,98
48237001,98
48237101,0
48237201,0
48237301,0
48237901,0
48238001,0
48238002,0
48238101,98
48238201,0
48238601,0
48239601,0
48239901,0
48239902,0
48239903,0
48239904,0
48239905,0
48240201,0
48240401,0
48240901,0
48241201,98
48242301,0
48243301,98
48243601,98
48243602,98
48243801,98
48244201,0
48244401,0
48244501,0
48245201,9
48245202,9
48245701,0
48246801,0
48247101,9
48248501,0
48249701,9
48250101,0
48250201,0
48250401,9
48251601,0
48252801,0
48253001,0
48253101,98
48253501,98
48253801,98
48253901,98
48255301,9
48255501,0
48255801,0
48255901,0
48257101,98
48257501,98
48258201,0
48258401,0
48258901,0
48260901,0
48261001,9
48261601,98
48262301,0
48262901,0
48262902,0
48262903,0
48262904,0
48263101,0
48264001,0
48264901,98
48265201,0
48265301,0
48265401,9
48265901,0
48266301,0
48268801,0
48269101,98
48269501,98
48270901,98
48270902,98
48272201,98
48272501,98
48273101,9
48273301,0
48273501,0
48275001,98
48276201,98
48276301,98
48276501,98
48277601,0
48278401,0
48278601,0
48278602,0
48278603,0
48278801,0
48278901,9
48279101,0
48279601,0
48279901,9
48281301,0
48282501,0
48283001,0
48283101,0
48284301,0
48284401,0
48284801,9
48285001,0
48285101,98
48285201,98
48285401,98
48285501,98
48286801,0
48287501,0
48287701,0
48289201,0
48289301,9
48289901,0
48290701,98
48291401,0
48294001,98
48294201,9
48294401,0
48296701,98
48297701,9
48297901,0
48298501,98
48299901,0
48300401,0
48300402,0
48300701,0
48301001,0
48301201,0
48301901,0
48302301,0
48303901,0
48304001,0
48304201,98
48304301,98
48304401,98
48304701,98
48304901,98
48305001,98
48305701,9
48305901,0
48306301,9
48306401,98
48306601,0
48306801,0
48307901,0
49000801,0
49001101,98
49002201,98
49002202,98
49002801,98
49002802,98
49003101,99
49003501,0
49003701,98
49004201,98
49005801,98
49007301,98
49009301,9
49009701,0
49010501,98
49010901,98
49011401,98
49012101,98
49012501,99
49013001,98
49014201,98
49015001,98
49015101,0
49015301,98
49015801,98
49015901,98
49017101,0
49017301,4
49018301,98
49018601,98
49018801,98
49019001,98
49019301,98
49019901,98
49020001,98
50000101,9
50001101,0
50001301,0
50001302,4
50001401,3
50001601,98
50005601,0
50005901,9
50006401,0
50006601,0
50006602,0
50007001,9
51000101,0
51002701,0
51003001,0
51003401,0
51003901,96
51004001,99
51004201,9
51004301,0
51004901,0
51005001,96
51005201,0
51005202,0
51005301,0
51005601,9
51006801,0
51008501,9
51008901,0
51009501,0
51009601,1
51009701,0
51010101,98
51010401,0
51010701,0
51011701,0
51012401,9
51015201,0
51017201,0
51017701,8
51017702,8
51018101,0
51018102,0
51018201,0
51019101,0
51019401,0
51019901,0
51020301,0
51020801,8
51020901,0
51025101,0
51026301,0
51027501,9
51027901,0
51028201,0
51029901,0
51029902,0
51029903,0
51030001,0
51032901,0
51033601,0
51033901,0
51036301,0
51037101,0
51038101,0
51038301,0
51038901,0
51039101,0
51039601,99
51039701,0
51040201,0
51040501,6
51041201,0
51043401,98
51043701,96
51043901,9
51045001,0
51045101,96
51045601,0
51046001,0
51046002,0
51046003,0
51046004,0
51046005,0
51046006,0
51046007,0
51047101,0
51047201,0
51049401,0
51049501,0
51049701,96
51050101,9
51051301,0
51051401,0
51051601,4
51051602,0
51052601,0
51053001,0
51053501,0
51053901,9
51054201,0
51054601,0
51055501,9
51056401,9
51057301,7
51057301,9
51058401,96
51058501,9
51058501,10
51058701,0
51059001,0
51059401,9
51059801,96
51060001,0
51060301,0
51061701,0
51062501,0
51064001,0
51064101,0
51064201,0
51064501,0
51065101,0
51065601,96
51065701,9
51065801,0
51065901,0
51066001,0
51067201,96
51067301,0
51068001,0
51069001,0
51069201,96
51069601,0
51070601,99
51071501,96
53001101,99
53001401,99
53001801,99
53002001,99
53002501,0
53003001,99
53003301,99
53003401,0
53003501,99
53003601,9
53004601,98
53004801,0
53004901,0
53005401,98
53005701,0
53005801,0
53006101,0
53006102,0
53006103,0
53006601,99
53007501,99
53007801,9
53008201,99
53008801,99
53009001,9
53009201,0
53009501,99
53010501,98
53010601,99
53011001,0
53011801,99
53012601,9
53013601,99
53014301,99
53014401,99
53015001,99
53015002,99
53015003,99
53015301,0
53015401,99
53018501,98
53019701,0
53020201,0
53020401,99
53020901,0
53021301,9
53021501,99
53021701,99
53023401,0
53023501,0
53023701,0
53023901,0
53024201,99
53024401,99
53025001,99
53025002,99
53025003,99
53025601,99
53025801,1
53027001,98
53028601,0
53029401,99
53030101,99
53030201,98
53030301,98
53030601,99
53030901,99
53031001,9
53032001,9
53032501,99
53032901,0
53033101,99
53033401,99
53034301,99
53034401,9
53034901,9
53035601,99
53035701,9
53036801,99
53037001,98
53037201,99
53037301,0
53037401,98
53038001,99
53038301,99
53038501,0
53038601,99
53038901,0
53039101,99
53039201,99
53039901,99
53040101,99
53040501,9
53040701,98
53041201,99
54001001,9
54002301,9
54002401,0
54004701,0
54005001,0
54005301,0
54005701,9
54006301,0
54006302,0
54006401,0
54007301,9
54008301,0
54009601,96
54012601,0
54013901,0
54014201,9
54017001,0
54017201,0
54017401,96
54018501,0
54018801,9
54019901,0
54022601,8
54022602,0
54023201,9
54023701,9
54024001,9
54026101,0
54026601,0
54026901,0
54027001,0
54029501,9
54029601,96
54030101,0
55000901,99
55003001,6
55005201,0
55008401,9
55009101,0
55009301,99
55011101,0
55011401,0
55013101,99
55013601,99
55015301,0
55016001,99
55017801,0
55017901,99
55018201,0
55018301,8
55019401,0
55019701,0
55019702,0
55019703,0
55019704,0
55020301,0
55020302,0
55020303,0
55021301,99
55022101,99
55024201,99
55024801,0
55026501,9
55027501,0
55027901,99
55028601,0
55028801,0
55029001,99
55029101,0
55029401,99
55030101,99
55033501,99
55033801,99
55034401,99
55037001,99
55038001,99
55038401,99
55039501,99
55039502,0
55039801,99
55040101,0
55043801,99
55043901,99
55044001,0
55044701,99
55045501,99
55045601,0
55047101,99
55047801,0
55049101,99
55049801,99
55051001,0
55052401,2
55053101,0
55053901,0
55054001,99
55054501,0
55054901,0
55054902,99
56000901,99
56002001,0
56002401,99
56007201,9
56009701,0
56010001,9
