PER_ID,MSAFEQMT
1000601,1
1000901,1
1001001,1
1001201,1
1002201,1
1003301,1
1003901,1
1005301,1
1005501,1
1005901,1
1006701,1
1006901,1
1008101,1
1008401,1
1008402,1
1008403,1
1010401,1
1011701,3
1015001,1
1015301,1
1015701,1
1015901,1
1017401,1
1018001,1
1018002,1
1018003,1
1018004,1
1018901,1
1020301,1
1020501,1
1020601,1
1020602,1
1021901,1
1023601,1
1024401,1
1024701,1
1026001,1
1026401,1
1027501,1
1028201,1
1032401,9
1032402,9
1032801,2
1034101,1
1034201,1
1035501,1
1038201,1
1038301,1
1039201,1
1040201,1
1041001,1
1041701,1
1043801,1
1044101,1
1045401,1
1046101,1
1048101,1
1049101,1
1049102,1
1049401,1
1049402,1
1050701,1
1051801,1
1051901,1
1052801,1
1053101,1
1053501,1
1054101,1
1055201,1
1055701,1
1056001,1
1059101,1
1060401,1
1061001,3
1062301,1
1062302,1
1062501,1
1062601,1
1063801,1
1065601,1
1066901,1
1067701,1
1067702,1
1069601,1
1070101,1
1072101,1
1072801,1
1073001,1
1074501,1
1075201,1
1075401,1
1077601,1
1078701,1
1078702,1
1079101,1
1080401,1
2000401,1
2001501,1
2003901,8
2004101,8
2004701,1
2004801,1
2004901,1
2005101,1
2005301,1
2005401,1
4000301,1
4000601,1
4000801,1
4001401,1
4001801,1
4001901,1
4001902,1
4002501,1
4003201,1
4003801,1
4004101,1
4004801,1
4004901,1
4005001,1
4005301,1
4005801,1
4005901,1
4006101,1
4006301,1
4006401,1
4006701,1
4007001,1
4007002,1
4007701,1
4008401,1
4010401,9
4010501,9
4010701,1
4010901,9
4011601,1
4011701,1
4011801,1
4011901,1
4012201,1
4012401,1
4012402,1
4012701,1
4013001,1
4013201,2
4015301,1
4015401,1
4015701,1
4016401,1
4016801,1
4016802,1
4016803,1
4016804,1
4017201,1
4017301,9
4017401,1
4017901,1
4018001,9
4018101,1
4019001,1
4019401,1
4019701,1
4019801,1
4021101,1
4021401,1
4021901,1
4022601,1
4022801,1
4023401,1
4024601,1
4024901,1
4024902,1
4025101,1
4025102,1
4025201,1
4025501,1
4025701,1
4026401,1
4027501,1
4027901,1
4031101,1
4032601,1
4032801,1
4033201,1
4033501,1
4034701,1
4034901,1
4035201,1
4036101,1
4036201,1
4036401,1
4036701,1
4039001,1
4039101,1
4039401,9
4039501,1
4040401,1
4040701,1
4042001,9
4042701,1
4043301,1
4044301,2
4045001,1
4045002,1
4045301,1
4045501,9
4045901,1
4047301,1
4047601,1
4048401,1
4048701,1
4049001,1
4050101,1
4052001,2
4052401,1
4054401,1
4054601,1
4055201,2
4055801,1
4056001,1
4058001,1
4058101,1
4058401,1
4058901,9
4059101,1
4059301,1
4059701,1
4060201,1
4060301,1
4061101,1
4061401,1
4062001,9
4062201,1
4062801,1
4063401,1
4063501,1
4063701,1
4064201,1
4064301,1
4064501,1
4064701,1
4065101,1
4065301,1
4066901,1
4067001,1
4067801,1
4068401,1
4069001,1
4069201,1
4069301,1
4069701,1
4069801,1
4070201,1
4070301,1
4071401,1
4071801,1
4071802,1
4072401,1
4072501,1
4073201,1
4073701,1
4073901,1
4074101,1
4074801,1
4075101,1
4075102,1
5000201,1
5002601,1
5002801,1
5003001,1
5004501,8
5005101,1
5005601,8
5005701,8
5006101,8
5007301,1
5007801,7
5008801,1
5009701,1
5009702,1
5009801,1
5010001,1
5011601,8
5011701,8
5015001,8
5015401,8
5015601,8
5015801,8
5017401,1
5018801,1
5020601,8
5024901,1
5025901,8
5030601,8
5031001,8
5032301,8
5033801,8
5033901,8
5034001,8
5036201,8
5036701,8
5037201,8
5037501,8
5037502,8
5041501,8
5042601,1
5043801,8
5044701,8
5045201,8
5045701,8
5045801,8
5046201,1
5046901,8
5047401,8
5047601,8
5048501,8
5048701,8
5049201,8
5049202,8
5049401,8
5049501,8
6001001,1
6001101,1
6001201,1
6001401,1
6001501,1
6001601,1
6002501,1
6002901,1
6003001,1
6003801,1
6004401,1
6004501,1
6004601,1
6004701,8
6005401,8
6005701,8
6006901,8
6007301,1
6008001,1
6008501,1
6008601,1
6008901,1
6009001,1
6009201,1
6009401,1
6009701,1
6010401,1
6010402,1
6010601,1
6010701,1
6011301,8
6011801,1
6012001,1
6012201,1
6012701,8
6012801,8
6013001,8
6013301,8
6013701,8
6013801,8
6013901,8
6014101,1
6014201,1
6014401,1
6014601,8
6015201,1
6015601,8
6015602,8
6016001,1
6016101,8
6016401,8
6016501,9
6016601,1
6017501,1
6017701,1
6018001,1
6018201,1
6018301,1
6018302,1
6018401,1
6018501,1
6018601,1
6019001,8
6019101,8
6019301,8
6019401,8
6019501,8
6019601,8
6019701,8
6019801,8
6020201,1
6020401,1
6020601,1
6020901,1
6021101,1
6021301,1
6022501,8
6022502,8
6022601,8
6023201,8
6023701,1
6024001,1
6024701,1
6024801,1
6025101,8
6025201,8
6025301,8
6025601,8
6026201,8
6026401,8
6027301,8
6027302,8
6027501,8
6029201,1
6029901,1
6030001,1
6030601,1
6030602,1
6030603,1
6030604,1
6031101,8
6031201,1
6031801,8
6032001,1
6032101,8
6032501,8
6032601,8
6033001,8
6033501,1
6033601,8
6033701,8
6033901,3
6034001,8
6034301,1
6034501,8
6034601,2
6034901,8
6035001,8
6035701,8
6035801,8
6036101,8
6036401,8
6036601,8
6036801,8
6037101,8
6037201,1
6037501,1
6037901,1
6038201,1
6038401,1
6038801,1
6039001,1
6039002,1
6039101,1
6040301,2
6041201,1
6041301,1
6041401,1
6041901,1
6042801,1
6043201,1
6043401,1
6043701,1
6043901,1
6044401,1
6044402,1
6044501,1
6044601,1
6045801,1
6046401,8
6046501,8
6046601,8
6046801,8
6047401,8
6047701,8
6048501,1
6048701,8
6049201,8
6049301,8
6049701,1
6051701,8
6052401,1
6052601,1
6053301,8
6053401,8
6053501,8
6053601,1
6053901,8
6054101,1
6054301,8
6054401,1
6054501,1
6054701,1
6054901,1
6055001,8
6055101,1
6055201,9
6055301,1
6055501,1
6056001,1
6056501,1
6056801,8
6056802,8
6057401,1
6057801,8
6058001,1
6058101,1
6058501,8
6058601,1
6058901,1
6059801,8
6060701,1
6060801,8
6061701,8
6062101,2
6062301,8
6062701,1
6063301,1
6063801,1
6064201,1
6064301,2
6064302,2
6064303,2
6064601,1
6065001,1
6066101,1
6067701,1
6067901,1
6068101,8
6068401,2
6069201,1
6070201,1
6070202,1
6070203,1
6070701,2
6071001,1
6071401,1
6071801,8
6072301,8
6072501,1
6072801,1
6073001,8
6073101,8
6073501,1
6073601,8
6074601,8
6074801,1
6075001,1
6075101,1
6075201,1
6075601,1
6075801,8
6076301,8
6076501,8
6077001,1
6077101,1
6078201,8
6079301,8
6079601,1
6079801,1
6080001,1
6081101,1
6081501,3
6081901,1
6082301,1
6082701,8
6083301,8
6084001,8
6084101,8
6084501,1
6084701,1
6085001,1
6085601,1
6085701,8
6085801,8
6086101,8
6086201,8
6086301,1
6086801,8
6086901,1
6087101,1
6087301,2
6087701,8
6087901,8
6087902,8
6089001,8
6090801,8
6091101,1
6091801,8
6092101,1
6092301,1
6092401,8
6092901,8
6093001,1
6093701,8
6093901,8
6094701,8
6094702,8
6094801,8
6096001,8
6096002,8
6096401,8
6097501,8
6097701,8
6097901,8
6098101,8
6098301,1
6098701,8
6098801,2
6099201,2
6099601,8
6100301,8
6100701,2
6101601,8
6101602,8
6102101,8
6102301,8
6102801,2
6102801,5
6103201,8
6103501,1
6103502,1
6103503,1
6103601,8
6104701,1
6104901,1
6105001,1
6105101,8
6106101,1
6106701,1
6107101,1
6107301,2
6108001,8
6108201,8
6108601,1
6111001,8
6111101,8
6111901,8
6112501,1
6113501,8
6114601,1
6115101,8
6115401,1
6115801,8
6116401,1
6116801,1
6117001,1
6118101,1
6118401,1
6118501,1
6118701,1
6119001,1
6119101,1
6119201,1
6119301,1
6120501,1
6122601,1
6122801,1
6123701,1
6123702,1
6123801,8
6124101,1
6124301,1
6124701,2
6124702,2
6124801,8
6124901,2
6125001,8
6125201,8
6125701,8
6125801,1
6125901,1
6125902,1
6126001,1
6126601,8
6126701,1
6126801,8
6126901,8
6127501,1
6127601,1
6128101,8
6128201,8
6128701,8
6129001,8
6129002,8
6129101,1
6129301,8
6129401,8
6130201,1
6130301,8
6131001,1
6131101,1
6132301,8
6132501,1
6133101,1
6133201,8
6133501,8
6134301,1
6134302,1
6134601,8
6134701,1
6134801,8
6134901,8
6135001,1
6135101,1
6135201,1
6135601,1
6135901,8
6136001,8
6136101,1
6136701,8
6137201,8
6137202,8
6137401,8
6137501,8
6137601,2
6137701,8
6137901,1
6137902,1
6138301,1
6138601,1
6138701,1
6139101,8
6139102,8
6139401,8
6139402,8
6139701,1
6139801,2
6139802,1
6139803,2
6140301,8
6140501,2
6141701,2
6142201,2
6143101,8
6143401,8
6143901,1
6144001,8
6144301,8
6144901,1
6145301,8
6146101,1
6146401,2
6146601,1
6147401,8
6147801,1
6147901,8
6148001,2
6148701,8
6149101,8
6149401,2
6150001,8
6150601,1
6151001,8
6151401,8
6152501,2
6153201,1
6153801,1
6154001,1
6154301,1
6154901,1
6155101,8
6155401,1
6155501,8
6155901,8
6156001,8
6156301,1
6156601,1
6156801,8
6157001,8
6157101,1
6157301,1
6158501,8
6158701,1
6158901,1
6159001,1
6159201,8
6159501,8
6159701,1
6160101,1
6160301,8
6160302,8
6160501,2
6160801,1
6160901,1
6161001,1
6161101,3
6161301,2
6161901,8
6162301,2
6162501,8
6162701,1
6162901,8
6163501,8
6163901,8
6165001,1
6165201,8
6165301,1
6165701,1
6165801,2
6165901,1
6166101,1
6166201,1
6166401,1
6166501,1
6166801,8
6166802,8
6167001,1
6167401,2
6168001,8
6168201,8
6168401,1
6169501,1
6170701,8
6171101,2
6171301,8
6171801,1
6171901,8
6172201,8
6172301,1
6172701,1
6172901,1
6173401,8
6173901,8
6174001,1
6174002,1
6174003,1
6174401,1
6174601,8
6174701,8
6175501,8
6175801,8
6176301,1
6176501,8
6176801,8
6177001,1
6177201,8
6177801,1
6178101,8
6179001,8
6179101,8
6179201,8
6179801,1
6179901,8
6179902,8
6180201,8
6180701,8
6180801,1
6180901,8
6181001,8
6181501,8
6181701,2
6181801,1
6182001,8
6182401,1
6182601,8
6183001,1
6183101,8
6183201,8
6183301,1
6183401,8
6183801,8
6183901,1
6184001,1
6184201,8
6185001,8
6185201,8
6185301,8
6185701,1
6185901,1
6186001,8
6186401,8
6186701,8
6186702,8
6187401,1
6188701,8
6188801,8
6189101,2
6189201,2
6189401,7
6189601,8
6189901,1
6191001,8
6191101,8
6191501,8
6192201,8
6192601,1
6192701,8
6192801,1
6193401,8
6193501,8
6193601,8
6194001,8
6195101,1
6195201,1
6195301,8
6195601,1
6195801,5
6197401,1
6197501,1
6197601,1
6197701,1
6197901,1
6198001,1
6198301,1
6198401,8
6199101,8
6199601,8
6200001,1
6200401,1
6200501,1
6200601,8
6200901,8
6200902,8
6201001,8
6201201,1
6201501,1
6201701,1
6202301,1
6202901,1
6202902,1
6203301,8
6203302,8
6203601,1
6203701,2
6203901,8
6203902,8
6203903,8
6204101,1
6204401,1
6205301,8
6205601,1
6205801,1
6206101,1
6206401,8
6206901,8
6207101,8
6207301,2
6207501,1
6208001,8
6208201,8
6208301,1
6208401,8
6208501,1
6208601,8
6208801,8
6209801,1
6210001,1
6210501,1
6211101,1
6211501,8
6211701,8
6211801,1
6212001,8
6212201,8
6212401,8
6213001,1
6213801,1
6214001,8
6214301,8
6214401,8
6214501,1
6214901,1
6215001,8
6215301,8
6215601,2
6215701,8
6215901,8
6216101,1
6216501,8
6216502,8
6216601,1
6216701,1
6216801,8
6217301,1
6217701,8
6217801,8
6217901,8
6219401,8
6219501,1
6219801,8
6220201,2
6221001,8
6222101,8
6222102,8
6222301,8
6222401,8
6222501,1
6222601,1
6222801,8
6223001,1
6223501,8
6224401,8
6224701,8
6224801,8
6224802,8
6224901,1
6225001,1
6225101,1
6225301,1
6225701,1
6225901,1
6226001,1
6226101,8
6226201,8
6226501,1
6227601,8
6227801,8
6228201,1
6228401,1
6228601,1
6228602,1
6228701,1
6228901,1
6229101,8
6229301,1
6229302,1
6229901,8
6230201,1
6230301,1
6230501,8
6230601,1
6230801,8
6231601,1
6232001,8
6232201,8
6232301,1
6232501,8
6232601,1
6233201,1
6233501,8
6233601,8
6233701,1
6234101,1
6234501,8
6234601,1
6235001,8
6235101,8
6235501,1
6235701,8
6235801,1
6236001,8
6236101,1
6236201,1
6236701,2
6236901,8
6237301,8
6237601,8
6238201,1
6238401,1
6238601,1
6238701,1
6238801,8
6239201,1
6239301,8
6239401,8
6240201,1
6240301,8
6240401,8
6240501,1
6240601,1
6241101,1
6241201,1
6241401,1
6241701,1
6241801,1
6241802,1
6241901,8
6241902,8
6242001,1
6242401,1
6242901,1
6243201,8
6243301,1
6243601,1
6243901,1
6244401,1
6244701,1
6244901,1
6245401,1
6246001,2
6246501,1
6246601,1
6246701,1
6246801,1
6247201,1
6247301,8
6247401,1
6247501,1
6247601,1
6247701,8
6248201,8
6248301,1
6248901,8
6249301,8
6249401,1
6249801,8
6250201,8
6250202,8
6250203,8
6250204,8
6250301,8
6250701,1
6250801,8
6250901,1
6251101,1
6251201,8
6252601,1
6252801,8
6253301,2
6253401,1
6254101,3
6254601,1
6255101,8
6255201,1
6255401,1
6255501,8
6255601,8
6255701,1
6255702,1
6255703,1
6255801,8
6255901,8
6256401,1
6256901,1
6257201,1
6257202,1
6257301,8
6257401,8
6257402,8
6257501,8
6257601,8
6258001,1
6258301,8
6259001,1
6259101,1
6259301,1
6259901,8
6260201,8
6260501,8
6260701,1
6260801,8
6261001,1
6261301,8
6261401,1
6261701,8
6262001,2
6262101,1
6262701,8
6263101,1
6263601,2
6263602,2
6263901,8
6264001,1
6264201,8
8000101,1
8001001,1
8001201,1
8001901,1
8002201,1
8002401,1
8003701,1
8004101,1
8004102,1
8004601,1
8005901,1
8006201,2
8006301,1
8006501,1
8007101,1
8007102,1
8007103,1
8008001,1
8008201,1
8009201,1
8009202,1
8009901,1
8010001,2
8010101,1
8010501,1
8011301,1
8011901,1
8012601,1
8014401,9
8014402,1
8014601,1
8014701,1
8015301,1
8016401,1
8017301,1
8017901,1
8017902,1
8017903,1
8018201,1
8018202,1
8018501,2
8020001,1
8020002,1
8020101,1
8020201,1
8020701,1
8021401,1
8021601,1
8021801,1
8022401,1
8022801,3
8024401,1
8025501,1
8026001,1
8026201,8
8026301,1
8026302,1
8026701,1
8027101,1
8027401,1
8027601,1
8027801,1
8028101,1
8028401,1
8029701,1
8030201,1
8030601,1
8031601,1
8031801,1
8034801,1
8034901,1
8035001,1
8035201,1
8035301,1
8035601,1
8035801,1
8036201,1
8036202,1
8036203,1
8036901,1
8037001,1
8037101,1
8038201,1
8038401,2
8038401,3
8038402,2
8038402,3
8038701,2
8039501,1
8039801,1
8039802,1
8039803,1
8040301,1
8040302,1
8040401,1
8040701,1
8040801,1
8041401,1
8041801,1
8042701,1
8042801,1
8043001,1
8043401,1
8043601,1
9000401,1
9001301,8
9001601,1
9002001,1
9002901,1
9004601,1
9004801,1
9004802,1
9005201,1
9005701,1
9006201,1
9007301,1
9007501,1
9008101,1
9008301,1
9009201,1
9009801,1
9010901,8
9011001,1
9011301,8
9012001,1
9012701,1
9013101,8
9013301,1
9013401,3
9014101,1
9014501,8
9014701,1
9015801,8
9015901,1
9016901,1
9018101,1
9019001,9
9019002,9
9019201,1
9019601,8
9019701,9
9019702,9
9019703,9
9020101,1
9020401,9
9021001,1
9021101,1
9021201,9
9022101,9
9022201,1
10000101,1
10000501,1
10000601,1
10000801,1
10001401,1
10001801,8
10002501,1
10003001,1
10003101,1
10003401,1
10003701,1
10004201,2
10004201,5
10004301,5
10004401,1
10004601,1
10005101,1
10005601,1
10006001,1
10006002,1
10006601,1
10006701,1
10006702,1
10007301,1
10007302,1
10007801,1
10008501,1
10008601,1
10008901,1
10009401,1
10009501,1
10009601,1
10009701,1
10010001,1
10010101,1
10010701,1
11000301,1
11000501,1
11000701,1
11000901,1
11001101,8
11001301,1
11001401,1
12000501,3
12000601,1
12000901,1
12001301,1
12001501,1
12001901,1
12002201,1
12002301,1
12002501,1
12003301,1
12003601,1
12003701,1
12004101,1
12004501,1
12004701,3
12004801,1
12005101,3
12005201,1
12005202,1
12005401,1
12006201,1
12006401,1
12006901,1
12007001,1
12007401,1
12007901,1
12008201,1
12008801,1
12009001,1
12009101,1
12009201,1
12009601,1
12009602,1
12010401,1
12011901,1
12012201,1
12012501,1
12012601,1
12012602,1
12013201,1
12013301,1
12013901,1
12014501,1
12014701,1
12014801,1
12014901,1
12015101,1
12016001,1
12016301,1
12017101,1
12017501,1
12017701,1
12019001,1
12019201,1
12019301,3
12019302,3
12019303,3
12019401,1
12019501,1
12019801,1
12020001,1
12020101,1
12020301,1
12021001,1
12021002,1
12021003,1
12021201,1
12021901,1
12022101,1
12022701,1
12023601,1
12024501,1
12024601,1
12024701,1
12024801,1
12025101,1
12025301,1
12025501,1
12025601,1
12026001,1
12026201,1
12026401,1
12026501,1
12026502,1
12026503,1
12026601,1
12026801,1
12027001,1
12027601,1
12027701,5
12028801,1
12029301,1
12030201,1
12030501,1
12031101,1
12031601,1
12031901,1
12032001,1
12032101,1
12032201,1
12032401,1
12032501,1
12032502,1
12033001,1
12033002,1
12033101,1
12033201,1
12033401,1
12033701,1
12033801,1
12034101,1
12034301,1
12034501,1
12034801,1
12034802,1
12036201,1
12036901,1
12037101,1
12037401,1
12038001,1
12038801,5
12039401,1
12040401,1
12040501,1
12040801,1
12040901,1
12040902,1
12041801,1
12041901,1
12042301,1
12042601,1
12042701,2
12043101,1
12043102,1
12043301,1
12043501,1
12048101,1
12048601,1
12049201,1
12049401,1
12050301,1
12050501,1
12051001,1
12051701,1
12051801,1
12051802,1
12052001,1
12053001,1
12053201,2
12054001,1
12054801,1
12054901,1
12055401,1
12055501,1
12055601,1
12056301,1
12056401,1
12056701,2
12058001,1
12058201,1
12058301,1
12058801,1
12058901,1
12059101,1
12059102,1
12059201,1
12059202,1
12059801,1
12059802,1
12060001,1
12060201,1
12060202,1
12060601,1
12062501,1
12062901,1
12063101,1
12063102,1
12063301,1
12063501,1
12063601,1
12063901,1
12064001,1
12064002,1
12064601,1
12065301,1
12065401,1
12065601,1
12065701,1
12065801,1
12065901,1
12066401,1
12066402,1
12066601,1
12067701,9
12067801,1
12067901,1
12068101,1
12068201,1
12068601,1
12068701,1
12069001,1
12069101,1
12069201,1
12069701,1
12070001,1
12070101,1
12070201,1
12070301,1
12071001,1
12071501,1
12071901,1
12072101,1
12072901,1
12073801,1
12075301,1
12076101,1
12076301,1
12077001,1
12077201,1
12077701,1
12077801,1
12077901,1
12078501,1
12079001,1
12079601,1
12079701,1
12079702,1
12079901,1
12080901,1
12081101,1
12081801,1
12082401,1
12082501,1
12083501,1
12083601,1
12083701,1
12083801,1
12084701,5
12084901,1
12085001,1
12085101,5
12085201,1
12085501,1
12085601,1
12085901,1
12086201,1
12086401,1
12086701,1
12086702,1
12088301,1
12089701,1
12090101,1
12090801,1
12090901,1
12091301,1
12092001,1
12092401,1
12092501,1
12092502,1
12093001,1
12093601,1
12094201,1
12094301,1
12094401,1
12094501,1
12094601,1
12094701,1
12094702,1
12094801,1
12095001,1
12095101,1
12095401,1
12096101,8
12096901,1
12097101,1
12100601,1
12100701,1
12101701,9
12102001,1
12102901,1
12103301,1
12103501,1
12105401,1
12106501,1
12106502,1
12106503,1
12106504,1
12106601,1
12106602,1
12107001,1
12107701,1
12107702,1
12107801,1
12107901,1
12108201,1
12108301,1
12108601,1
12108701,1
12108801,1
12109501,1
12110001,1
12110101,1
12110102,1
12112301,1
12112401,1
12112402,1
12112501,1
12112601,1
12113001,1
12113701,1
12113901,1
12115301,1
12116201,1
12116301,1
12116401,1
12117001,1
12118201,1
12118301,1
12118701,1
12118901,1
12119901,1
12121601,1
12121801,1
12122101,1
12122201,1
12122301,1
12122401,1
12123101,1
12123701,1
12124001,1
12124002,1
12124401,1
12124601,1
12124701,2
12125301,1
12125501,1
12126101,1
12126401,1
12126501,1
12126701,1
12127001,1
12127701,1
12127801,1
12127901,1
12128001,1
12128201,1
12128901,1
12129301,8
12129401,1
12130101,1
12130401,1
12130801,1
12130901,1
12131101,1
12131201,1
12131601,2
12132001,1
12132101,1
12132401,2
12132402,2
12132701,1
12132801,8
12133401,1
12134401,1
12134801,1
12135101,1
12135201,1
12135501,1
12135701,1
12136701,1
12137001,1
12137101,2
12137101,3
12137501,1
12138401,1
12138501,1
12138801,1
12139801,1
12140501,1
12140901,1
12141001,1
12141301,1
12141901,1
12142001,1
12142201,1
12142301,1
12142801,1
12144101,1
12144501,1
12145301,1
12145601,1
12145701,1
12145901,1
12146001,1
12146501,1
12146701,1
12146702,1
12147201,1
12147501,1
12147801,1
12147901,1
12148301,1
12148501,1
12148801,1
12149101,1
12149601,1
12149801,1
12149901,1
12150101,1
12150601,1
12151301,1
12152101,1
12152701,2
12152701,5
12152702,2
12152702,5
12154001,1
12155101,1
12155601,1
12156101,1
12156301,1
12156401,1
12156801,1
12157101,1
12157102,1
12157103,1
12157104,1
12157105,1
12157501,1
12157701,1
12157801,1
12158101,1
12158201,2
12158401,1
12158601,1
12159501,1
12159601,1
12160001,1
12160701,1
12161201,1
12163301,1
12163701,1
12165001,1
12165301,1
12165401,1
12165501,1
12166001,1
12166101,1
12166201,1
12166401,1
12166801,1
12167201,1
12167301,1
12167401,1
12169201,1
12170301,1
12170401,1
12170501,1
12170502,1
12171201,1
12171501,9
12171601,8
12171602,8
12171701,1
12172001,1
12172401,1
12173601,1
12173602,1
12174101,1
12174201,2
12174301,2
12174601,1
12174701,1
12174901,1
12175101,1
12175201,1
12175501,1
12175701,1
12175801,1
12176101,1
12176201,1
12176401,1
12176701,1
12177001,1
12177101,1
12177201,1
12178301,1
12178302,1
12178801,1
12179201,1
12179601,7
12179701,1
12180001,1
12180101,1
12181401,1
12181501,1
12182101,1
12182901,1
12183101,1
12183201,1
12183401,1
12183801,1
12183901,1
12184401,1
12184501,1
12184801,1
12186001,1
12187001,1
12187301,1
12187901,1
12188601,1
12188801,1
12188901,1
12189801,1
12190101,1
12190201,1
12190301,1
12190601,1
12190801,1
12191001,1
12191101,1
12192301,1
12193201,1
12193501,1
12194201,1
12194301,1
12194801,1
12195001,1
12195301,1
12195401,1
12195501,1
12195901,1
12196101,1
12197101,1
12197301,1
12197801,1
12197901,1
12198301,1
12198701,1
12198702,1
12199301,1
12199601,1
12200101,1
12200201,1
12200401,1
12200501,1
12200601,1
12200901,1
12201601,1
12202101,1
12202201,1
12202701,1
12202801,1
12203201,1
12203901,1
12203902,1
12204101,1
12204201,1
12204301,1
12204401,2
12204801,1
12205201,1
12205701,1
12206101,1
12206901,1
12207401,1
12207501,1
12208401,1
12209701,1
12210201,1
12210301,1
12210401,1
12210501,1
12210601,1
12210801,1
12211601,1
12212101,1
12212501,1
12212601,1
12213401,1
12214501,1
12214701,1
12215301,1
12215401,1
12215701,1
12215801,1
12216301,1
12216501,1
12216601,1
12216801,1
12217301,1
12218001,1
12218101,9
12218201,1
12218301,1
12218701,1
12219101,1
12219501,5
12219701,1
12219801,1
12220501,2
12220701,1
12220801,1
12220802,1
12221001,1
12221101,1
12221501,1
12222001,1
12222301,1
12222501,1
12222901,1
12223701,1
12223801,1
12224101,1
12224201,1
12224401,1
12225101,1
12225201,1
12225501,1
12225701,1
12225801,1
12226101,1
12226201,1
12226401,1
12226501,1
12226601,1
12226602,1
12227601,1
12227901,1
12228101,1
12228301,1
12228401,1
12228501,1
12228701,1
12228801,1
12228802,1
12228803,1
12228804,1
12228805,1
12229101,1
12229201,1
12229301,1
12229401,1
12230101,1
12230401,1
12230601,1
12230801,1
12231001,1
12231201,1
12231801,1
12233201,1
12233301,1
12233401,1
12233501,1
12233901,1
12234301,1
12234601,1
12234701,1
12234801,1
12234901,1
12235001,1
12235301,1
12235401,1
12235501,1
12235701,1
13001901,1
13002101,1
13002801,1
13003201,3
13003701,1
13004201,1
13004301,1
13004401,1
13004402,1
13004403,1
13005001,1
13005601,1
13006101,1
13006201,1
13006301,8
13006701,8
13007101,1
13007102,1
13007301,8
13007501,1
13007502,1
13007701,1
13007901,8
13010601,1
13011001,1
13013101,8
13013301,8
13013401,8
13013801,1
13014101,1
13014401,1
13014801,8
13015001,8
13015701,1
13016301,1
13016701,1
13017801,1
13018301,1
13020101,1
13020401,1
13021201,1
13021501,1
13023201,8
13023701,1
13024801,1
13025301,1
13026201,1
13027101,1
13027901,1
13030801,1
13032801,8
13033501,1
13033801,8
13034901,1
13035101,1
13035501,1
13035701,1
13035901,1
13036401,2
13037501,1
13037502,1
13038201,1
13039901,1
13040001,1
13040401,1
13041401,1
13041801,1
13041901,1
13044401,1
13045201,1
13046601,1
13049301,1
13050801,8
13051101,1
13053201,8
13054001,8
13054002,8
13054003,8
13054101,1
13054701,8
13055901,1
13056401,1
13058301,1
13058501,1
13059201,2
13059301,1
13059601,1
13059701,1
13059901,1
13060101,2
13060102,2
13060103,2
13060601,1
13060701,1
13061601,1
13062601,8
13062701,8
13062901,2
13063201,2
13063202,2
13063203,2
13066001,1
13066801,1
13068301,1
13068302,1
13068501,1
13069101,8
13069401,1
13070201,8
13070301,1
13071301,1
13071302,1
13073401,1
13074201,1
13076401,1
13077001,1
13077101,1
13077701,1
13078001,1
13079501,1
13081001,1
13081401,8
13082701,1
13083101,1
13083801,1
13084001,1
13084701,1
13085201,1
13085301,1
13086401,1
13086501,1
13086701,1
13087101,1
13087301,1
13088101,1
13088301,8
13088601,1
13090101,1
13090401,1
13090501,8
13090601,1
13090801,8
13092401,1
13093201,1
13093301,1
13093501,1
13095001,1
13095101,1
13095201,1
13095401,1
13095601,1
13095701,1
13096001,8
13096002,8
13096901,1
13097001,1
13097201,1
13097401,1
13097901,1
13098001,1
13099401,1
13099601,2
13099801,8
13100201,1
13100301,1
13102201,1
13102301,1
13102501,1
13102801,1
13103101,1
13103301,9
13103401,1
13103601,1
13104401,1
13105001,1
13105601,1
13105701,1
13105901,1
13106001,1
13106601,1
13107401,1
13107701,1
13108101,1
13108201,1
13108601,1
13109001,8
13109301,8
13109302,8
13109501,8
13109701,8
13110201,8
13110601,8
13110701,8
13110801,8
13110901,1
13111101,1
13112501,1
13112901,8
13113001,8
15000101,1
15000301,1
15001201,1
15001501,1
15002001,1
15002401,1
15003001,1
15003002,1
15003003,1
15003004,1
15003005,1
15003501,1
15004701,8
15004901,1
15004902,1
15005101,1
15005401,8
15005801,2
15006201,8
15006801,1
15007301,1
15007601,1
15007701,1
15007801,8
15007901,1
15008001,8
15008401,8
15008801,1
15009801,1
15010001,1
15010002,1
15010301,1
15010801,1
15010802,1
15011001,1
16000101,1
16002401,8
16002501,2
16002701,1
16005301,1
16008001,1
16008101,1
16008201,1
16008801,1
16009201,1
16012201,1
16012801,1
16014101,1
16014701,1
16015001,1
17001101,3
17002001,1
17003201,1
17004301,1
17004901,1
17005401,1
17005601,1
17006001,1
17007301,1
17007302,1
17007701,1
17008101,1
17008401,1
17008801,1
17009101,1
17009401,1
17010001,1
17010301,1
17010701,1
17010901,1
17011201,1
17012401,1
17013401,1
17013501,1
17013701,1
17013801,1
17015601,3
17015701,1
17016101,1
17016301,1
17016801,1
17017001,1
17017501,1
17018901,3
17019301,1
17019701,1
17019801,1
17019901,1
17022801,1
17023001,1
17024601,1
17024901,1
17025001,2
17028601,3
17028602,3
17028603,3
17028604,3
17028901,1
17030601,3
17031001,1
17031701,1
17031801,3
17033201,1
17033301,1
17033801,1
17035101,1
17035301,1
17035302,1
17035701,1
17036501,1
17036601,1
17038501,1
17038502,1
17038601,1
17039001,1
17039801,1
17040601,1
17040901,1
17041501,1
17041502,1
17042501,1
17043601,3
17044901,1
17045601,1
17046701,3
17047401,1
17047801,1
17047901,1
17048901,1
17049301,1
17050001,1
17051401,1
17052001,8
17053601,1
17054801,1
17054901,1
17056201,1
17056301,8
17056501,1
17056701,5
17057101,1
17057801,1
17058101,1
17059701,1
17059702,1
17059703,1
17059704,1
17060201,1
17060301,1
17062001,1
17062601,1
17062701,1
17062801,1
17063501,1
17063601,1
17063801,1
17064101,1
17064201,3
17064301,1
17066001,1
17066201,1
17066401,7
17066601,1
17067001,1
17067101,1
17067701,1
17067901,1
17068201,8
17069401,1
17069901,1
17070001,1
17070701,1
17070901,1
17072901,1
17073401,1
17074001,1
17074101,2
17074101,3
17074301,1
17074601,1
17074801,1
17075101,1
17076001,1
17076101,9
17076301,1
17076401,1
17076801,1
17077101,7
17077201,1
17077701,1
17077801,1
17077901,1
17078301,1
17078401,1
17079501,1
17079801,1
17080401,1
17080501,1
17080801,1
17081301,1
17081501,1
17082101,1
17082801,1
17083001,8
17083101,1
17083501,1
17083701,1
17083801,1
17083901,1
17084401,8
17084501,1
17084601,1
17084602,1
17085001,9
17086201,1
17086501,1
17086701,1
17086702,1
17087101,1
17088501,1
17088901,1
17090401,1
17090501,1
17091401,1
17091701,9
17092101,8
17092401,1
17092501,1
17092502,1
17092601,1
17092701,1
17092901,1
17093001,1
17093101,1
18000101,1
18001501,1
18003601,1
18004501,1
18004801,1
18007101,1
18007301,1
18007302,1
18007601,8
18007901,1
18008401,1
18008501,1
18008601,1
18008801,1
18009301,1
18009302,1
18010801,1
18010802,1
18010803,1
18010804,1
18015601,1
18015701,1
18016901,1
18017601,1
18018201,1
18019601,1
18020101,1
18020102,1
18020103,1
18020104,1
18020105,1
18020106,1
18020501,1
18020801,1
18021401,1
18021901,1
18022901,1
18025601,1
18025801,1
18027101,1
18027102,1
18028601,1
18028801,1
18028901,5
18031201,1
18032701,1
18032801,1
18033801,1
18037501,1
18037502,1
18037503,1
18037504,1
18038501,1
18041101,3
18042101,5
18045201,1
18046301,1
18047201,3
18048501,1
18048601,1
18048801,1
18048901,1
18049601,1
18049901,1
18050901,1
18051701,1
18052401,2
18052401,3
18053001,1
18054701,1
18055501,1
18055801,1
18055901,1
18057401,1
18057701,1
18057702,1
18058301,1
18058901,1
18060501,1
18061701,1
18064101,1
18065401,1
18065701,1
18065801,1
18066101,1
18067301,1
18067601,1
18067701,3
18067702,3
18068501,1
18069601,1
18069602,1
18070801,1
18071401,1
18071801,1
18072101,1
18072401,1
18072402,1
18074101,1
19003401,1
19004401,1
19005101,1
19005701,1
19008401,1
19008801,1
19009501,1
19012101,1
19012201,5
19018701,1
19018801,1
19020401,1
19020601,1
19020801,1
19020802,1
19020803,1
19021101,1
19021901,1
19023501,1
19025301,1
19025901,1
19026601,1
19027501,1
19032001,1
19033101,1
20000101,1
20000201,1
20000202,1
20002601,1
20002901,1
20003001,1
20003101,1
20004501,1
20004601,9
20004701,1
20004702,1
20007901,1
20008101,1
20008601,9
20009801,1
20012101,7
20013701,1
20013801,1
20015601,7
20016301,1
20018601,1
20020101,2
20021801,1
20027101,1
20027102,1
20027601,3
20028501,1
20028502,1
20029201,1
20029801,1
20031001,1
20031101,1
20032001,9
20032501,1
20032601,1
20033001,1
20033101,1
20033601,1
20034401,1
21000401,1
21001301,1
21002001,1
21002301,1
21003101,1
21007101,1
21007501,1
21007502,1
21007901,1
21008801,1
21011301,1
21011901,1
21012601,1
21014901,1
21015901,1
21016101,1
21016701,1
21017001,1
21017002,1
21017003,1
21018101,1
21022801,1
21023201,1
21024301,1
21027101,1
21027401,1
21028301,1
21028501,1
21029601,1
21032401,1
21032402,1
21032403,1
21033501,1
21033601,1
21034401,1
21034501,1
21035901,1
21037901,1
21038001,1
21038601,1
21040101,1
21042501,1
21042801,1
21043801,1
21044301,1
21044801,1
21045301,1
21045701,1
21047701,1
21048201,1
21048901,8
21049301,1
21052601,1
21052602,1
21054201,1
21054601,1
21054701,1
21055801,8
21060201,1
21061801,1
21062101,8
21063701,8
21064501,1
21064801,1
21065501,1
21066001,1
21066401,1
22000901,1
22001501,1
22001901,1
22003201,1
22004301,1
22004901,1
22005401,1
22005601,1
22006001,1
22006101,5
22006102,1
22006301,1
22006401,1
22006801,1
22006901,1
22007101,1
22007301,1
22008101,1
22009001,8
22009101,1
22009601,1
22010701,1
22011301,1
22011701,1
22012501,1
22013001,1
22013701,1
22015301,1
22015401,1
22015601,1
22016201,1
22016701,1
22017101,1
22017201,1
22018301,1
22018501,1
22019201,1
22019601,1
22019701,1
22019901,1
22020801,1
22021501,1
22022301,1
22022601,1
22022701,1
22023201,1
22023501,1
22023601,1
22023801,1
22024001,1
22024901,1
22025201,1
22025301,1
22025401,1
22025601,1
22025701,1
22027901,1
22027902,1
22029001,8
22029301,5
22029501,1
22029601,1
22030401,1
22030701,2
22030701,3
22031301,1
22031401,1
22032401,1
22032601,1
22033501,1
22033701,1
22034001,1
22034501,3
22034601,1
22035001,1
22035201,2
22036001,1
22036101,1
22036201,1
22036301,1
22036901,1
22037401,1
22038001,1
22038101,1
22038901,1
22039001,1
22039002,1
22039201,3
22040001,1
22040301,1
22040501,1
22041201,9
22042001,3
22042101,1
22042401,1
22042901,1
22043201,1
22043202,1
22044001,1
22044301,1
22044601,1
22044801,1
22045201,1
22045801,1
22046901,1
22047201,1
22047401,1
22047801,1
22048001,1
22048101,1
22048201,1
22048301,1
22048401,1
22048701,1
22048901,1
22049101,1
22049201,1
22049501,1
22049701,1
22051101,1
22051201,1
22051301,1
22051501,1
22052301,1
22052801,8
22053101,1
22053501,1
22053901,1
22054001,1
22054201,1
22054401,1
22054701,1
22055301,1
22055501,1
22055701,1
22057001,1
22057501,1
22058601,1
22058701,1
22059001,1
22059401,1
22059701,8
22060401,1
22060601,1
22061001,1
22061701,1
22062701,8
22063801,1
22064001,7
22064001,5
22064201,1
22065001,1
23002501,8
23005301,8
23007001,8
23008101,8
23008901,8
23011001,8
23011201,1
23013401,8
23014401,8
23015101,8
24000101,1
24000201,1
24001001,1
24001002,1
24001101,1
24001201,1
24001301,1
24002201,1
24002202,1
24002401,1
24003201,1
24003701,1
24004001,1
24004201,1
24004501,1
24004601,1
24004901,1
24005201,1
24007701,1
24008601,1
24009201,1
24009401,1
24011401,1
24012201,1
24012401,1
24012801,1
24013801,1
24013901,1
24014401,1
24014801,1
24015201,1
24015401,2
24016401,1
24016901,1
24017301,1
24017401,1
24017601,1
24017901,1
24018001,1
24018101,1
24018201,1
24018401,1
24018901,1
24019501,1
24020301,1
24020501,1
24020601,1
24021401,1
24021601,1
24021801,1
24022001,1
24022002,1
24022003,1
24022004,1
24022601,1
24023401,1
24024101,1
24024801,1
24024901,1
24025201,1
24025901,1
24026001,1
24026601,1
24026901,1
24027701,1
24029501,1
24029601,1
24030601,1
24031101,1
24031801,1
24032101,1
24033101,1
24034201,1
24035201,1
24035301,1
24035501,1
24037101,1
24037102,1
24037301,1
24037401,1
24037901,1
24038101,1
24038301,1
24038401,1
24038801,1
24038901,1
24039001,1
24039101,1
24039301,1
24039501,1
24039701,1
24039801,1
24040301,1
24040601,1
24040701,1
24040801,1
24041001,1
24041301,1
24042801,1
24042901,1
24043101,1
24043201,1
24043401,1
24043402,1
24043701,1
24044101,1
24045001,1
24045501,1
25001301,1
25001401,1
25001701,1
25001901,1
25002001,1
25002101,1
25002102,1
25002201,1
25002301,1
25002801,1
25003901,1
25004401,1
25004701,1
25004801,1
25005601,1
25005801,1
25006501,1
25006601,1
25007001,1
25007101,1
25007501,8
25007801,3
25007901,1
25008201,1
25008301,1
25008302,1
25008601,1
25008901,1
25009501,1
25009502,1
25010901,1
25012201,1
25014601,1
25015501,1
25016201,1
25016501,1
25016502,1
25017701,1
25017702,1
25017801,1
25018001,1
25018501,1
25018601,1
25018602,1
25018701,1
25018801,1
25018901,1
25019001,1
25019301,1
25019701,1
25020201,1
25020301,1
25021101,1
25022001,1
25022201,1
25022301,1
25023201,1
25024401,1
25025201,1
25025301,1
25025701,1
25025801,8
25025901,1
25026101,1
25026201,1
25026501,1
25026502,8
25026601,8
25026701,1
25027101,1
25027601,1
25027701,1
25027801,1
25027901,1
25028001,1
25028401,1
25028501,1
25028701,1
25030001,7
25030701,1
25030901,1
25031001,1
25031201,1
25031401,1
25031601,1
25032201,7
25032301,8
25032501,1
25032601,1
25033001,8
25033101,1
25033201,1
25033501,1
25033502,1
25033801,1
25033901,8
26000401,8
26000901,8
26001601,8
26001701,8
26002701,8
26003201,8
26003901,8
26004001,8
26004701,8
26005301,8
26005302,8
26005401,8
26005501,8
26005701,8
26006001,8
26006002,8
26006101,8
26006201,8
26007201,8
26008101,8
26008401,8
26008901,8
26009201,8
26010001,8
26010201,8
26010202,8
26011101,8
26011102,8
26011301,1
26012701,8
26013501,8
26017201,8
26018501,8
26019501,8
26019502,8
26020201,8
26021001,8
26022901,8
26023001,8
26024301,8
26025901,8
26026101,8
26026102,8
26026103,8
26026104,8
26027501,8
26028801,8
26029601,1
26029901,8
26030301,8
26030302,8
26030303,8
26030304,8
26030601,8
26031801,1
26032501,8
26034001,1
26034201,8
26035101,8
26035301,8
26037001,2
26037101,8
26038101,8
26038301,8
26038701,8
26039201,9
26039202,9
26039401,8
26039801,8
26040301,8
26040501,8
26040701,8
26040801,2
26040901,1
26041101,8
26041401,8
26041601,1
26042001,8
26042401,8
26042901,1
26042902,8
26043001,8
26043002,8
26043101,8
26043401,8
26044201,8
26044301,8
26044801,1
26045101,1
26046601,8
26047301,8
26047501,8
26047801,8
26047901,8
26048101,8
26048301,8
26048401,8
26050501,8
26054401,8
26054501,8
26054601,8
26055501,1
26055901,8
26056001,8
26058301,1
26058401,1
26058801,8
26059101,1
26060001,2
26061801,8
26062401,8
26062501,8
26063301,8
26064001,8
26064601,8
26064602,8
26064603,8
26064604,8
26065001,8
26065701,8
26067401,8
26067501,8
26067601,8
26067901,8
26068001,8
26068301,8
26068701,8
26068901,8
26069801,8
26070001,8
26070501,8
26070601,8
26070701,8
26071501,1
26071701,8
26071901,8
26073401,8
26073501,8
26073601,8
26073801,8
26074001,8
26074002,8
26074003,8
26074101,8
26074801,8
26074901,8
26075001,8
26075401,8
26076201,8
26076301,8
26076302,8
26076501,8
26076502,8
26076503,8
26077001,8
26077002,8
26077701,8
26077702,8
26077703,8
26078101,8
26078501,8
26079901,8
26080001,8
26080501,8
26080701,1
26080901,8
26081501,8
26082601,8
26083901,8
26084401,8
26085001,8
26086901,8
26087201,8
26087301,8
26087401,8
26087801,8
26087901,8
26088101,8
26088201,8
27000501,1
27001801,1
27002001,1
27002801,1
27002901,1
27003601,1
27005201,1
27006201,1
27006401,1
27007601,1
27008001,1
27009601,1
27010101,2
27010401,8
27011701,1
27012401,1
27013601,1
27013602,1
27015301,8
27017601,1
27017701,1
27019501,1
27019701,1
27019801,1
27021001,1
27021101,1
27021102,1
27021701,1
27022001,1
27024401,1
27024601,1
27024701,1
27026801,1
27026901,1
27028001,1
27028501,1
27028801,1
27029201,1
27030601,1
27030901,1
27031001,1
27032101,1
27032201,1
27032202,1
27033201,1
27033301,1
27033901,1
27034201,1
27036101,8
28002401,1
28002901,1
28003101,1
28003301,1
28003601,1
28004101,1
28005501,1
28006801,1
28007001,1
28007601,1
28007701,1
28008901,1
28009201,1
28009202,1
28011501,1
28012601,1
28013201,1
28016401,1
28017901,1
28018301,1
28018302,1
28018501,1
28019501,1
28020001,1
28021501,1
28022101,1
28022201,1
28022401,1
28023701,1
28025101,1
28027601,1
28027901,1
28028101,1
28029701,1
28032901,1
28033801,1
28033901,1
28034401,1
28034501,1
28035801,1
28035802,1
28036801,1
28037301,1
28037901,1
28039201,1
28039501,1
28039801,1
28043501,2
28044501,1
28047001,1
28047002,1
28047401,1
28048601,1
28049201,1
28049701,1
28049901,1
29000701,1
29000901,1
29001101,1
29003201,1
29003701,1
29004701,1
29004801,1
29005001,1
29008001,1
29012001,1
29012501,1
29012601,1
29014001,1
29015101,1
29017001,1
29017201,1
29017501,1
29017901,1
29018101,1
29018102,1
29018901,1
29019101,1
29020101,1
29020201,1
29020202,1
29020601,1
29023201,1
29023301,1
29023401,1
29023501,1
29024601,1
29026301,1
29026401,1
29027101,1
29027201,1
29027501,1
29028201,1
29028901,1
29029001,1
29029401,1
29030701,1
29032401,1
29034701,1
29034901,1
29036101,2
29036401,1
29036601,1
29039301,1
29040101,1
29041801,1
29045201,1
29045401,1
29045501,2
29046501,1
29047401,1
29048601,1
29050101,1
29051001,1
29051401,1
29051501,7
29051701,1
29052001,1
29052101,1
29053901,1
29054201,1
29055301,1
29057201,1
29057202,1
29058501,1
29058701,1
29058901,1
29059001,1
29059601,1
29059602,1
29059603,1
29059604,1
29060301,8
29060601,3
29062001,1
29062201,1
29062401,1
29063601,1
29064701,1
29067501,1
29069701,1
29071301,1
29071701,1
29073001,1
29074101,1
29074102,1
29074901,1
29075301,1
29076301,1
29076401,1
29076701,1
29076801,1
29077001,1
29077701,1
30002701,1
30004101,8
30004102,8
30007601,1
30008301,7
30010301,9
30013101,1
30016101,1
30017601,1
30019101,1
31000201,1
31002401,1
31004201,1
31005601,1
31007501,1
31007801,1
31008901,1
31010101,1
31010401,1
31011901,1
31012101,1
31013201,1
31013801,1
31014101,1
31016501,1
32000101,1
32001101,1
32001201,3
32001301,1
32001401,1
32001501,1
32001701,1
32001901,1
32002201,1
32003101,1
32003102,1
32003501,1
32004601,1
32004801,1
32004901,1
32005601,1
32006301,1
32006801,1
32007001,1
32007501,1
32007601,1
32007901,1
32008901,1
32008902,1
32009501,1
32009701,1
32010001,1
32010101,1
32010102,1
32010103,1
32010701,1
32010801,1
32012301,1
32013901,1
32014001,1
32015201,1
32015601,1
32015801,1
32016601,1
32016901,1
32017001,1
32017002,1
32017201,1
32017501,1
32018301,1
32018401,1
32018901,1
32019001,1
32019701,1
32019702,1
32019703,1
32019704,1
32019705,1
32019706,1
32019707,1
32019901,1
32020001,1
32020401,1
32020402,1
32020801,1
32021001,1
32021701,1
32021801,1
32021901,1
32022301,1
32022401,1
32022801,1
32023001,1
32023201,1
32023501,1
33001101,1
33001701,1
33003001,1
33003901,1
33005901,1
33006001,1
33007601,1
33008801,1
33009001,1
33009002,1
34000201,1
34000301,1
34000701,1
34000801,1
34001101,1
34001901,1
34003201,1
34003401,1
34003402,1
34003501,1
34003601,9
34003801,1
34003901,1
34004001,1
34004501,1
34004701,1
34005001,1
34005101,1
34005501,1
34005601,1
34006301,1
34006401,1
34006701,1
34006901,1
34007101,1
34007701,1
34007901,1
34009001,1
34009101,1
34009201,1
34010401,1
34011101,1
34011201,1
34011301,1
34011501,1
34011801,1
34012201,1
34012301,1
34012501,1
34012601,1
34012801,1
34012802,1
34013101,1
34013201,1
34013401,1
34014201,1
34014301,1
34015101,1
34015601,1
34016001,1
34016601,1
34016701,1
34017401,1
34017601,1
34018501,1
34018502,1
34018601,1
34018701,1
34019301,1
34019601,1
34020301,1
34021501,1
34021601,1
34021801,1
34022101,1
34022301,1
34022601,1
34023401,1
34023501,1
34024101,1
34024401,1
34024701,1
34025301,1
34026601,1
34026701,1
34026901,1
34027301,1
34027501,1
34027801,1
34027901,1
34028601,1
34028701,1
34029501,1
34029502,1
34029801,1
34030101,1
34030701,1
34031001,1
34031301,1
34032101,1
34032301,1
34032801,1
34033201,1
34033202,1
34033401,1
34033501,1
34033601,1
34033801,1
34033901,1
34034201,1
34034202,1
34034203,1
34034204,1
34034205,1
34034701,1
34034801,1
34035101,1
34035601,1
34035901,1
34036101,1
34036201,1
34037601,1
34037701,1
34037801,1
34038201,1
34038901,1
34039201,1
34039301,1
34039901,1
34039902,1
34039903,1
34040001,1
34040601,3
34041001,1
34041101,1
34042201,1
34042501,1
34042901,1
34043501,1
34043502,1
34043601,1
34043901,1
34044601,1
34044801,1
34045201,1
34045401,1
34045701,1
34045901,1
34046001,1
34046201,1
34046501,1
34046601,1
34046801,1
34047001,1
34047201,1
34047701,1
34047801,1
34048001,9
34048101,1
34048201,1
34048301,1
34048701,1
34049101,1
34049901,1
34050101,1
34050301,1
34050401,1
34050701,1
34050901,1
34051001,1
34051501,1
34051601,1
34051801,1
34052001,1
34052401,1
34052501,1
34052701,1
34053001,1
34053501,1
34053601,1
34053701,1
34053801,1
34053901,1
34054101,1
34054102,1
34054301,1
34054701,1
34054801,1
34055101,1
34055601,3
34055801,1
34055901,1
34056101,1
34056201,1
34056701,1
34056801,1
34057201,1
35000101,1
35000801,1
35001401,1
35002701,1
35003001,1
35003201,1
35003202,1
35003901,1
35004001,1
35004201,1
35005001,1
35005201,1
35005401,1
35006101,1
35006501,1
35006601,1
35006701,1
35006901,1
35007001,1
35007601,1
35008801,1
35009001,1
35009801,1
35011501,8
35012001,5
35012201,1
35012701,9
35012801,1
35013501,1
35013601,1
35014001,1
35014101,1
35014401,1
35015701,1
35016501,1
35016701,1
35016901,1
35017201,1
35017401,1
35020101,1
35020801,1
35021701,1
35022101,1
35022301,1
35024101,1
35024301,1
35024601,1
35024801,8
35024901,8
35025201,1
35025901,8
35026101,1
35026401,1
35026601,1
35027101,9
35028101,8
35028301,8
35029001,1
35029301,1
35030101,8
35030401,1
35030801,1
35030901,1
35031501,8
35032101,1
35032301,1
35032601,1
35033701,8
35033702,8
35033703,8
35034201,1
36000501,1
36000601,1
36000901,1
36001601,1
36002101,1
36003001,1
36003401,1
36003601,1
36003801,1
36004701,1
36004801,1
36005001,1
36005201,1
36005301,1
36006401,1
36006501,1
36006701,1
36006801,1
36007201,1
36007301,1
36007501,1
36007801,1
36008101,1
36008601,1
36008901,1
36009001,1
36009201,1
36009401,1
36009901,1
36010301,1
36010501,1
36010601,1
36010801,1
36011101,1
36011201,1
36011301,1
36011701,1
36011801,1
36011901,1
36012101,1
36012201,1
36012401,1
36012701,1
36012801,1
36012901,1
36013001,1
36013301,1
36013801,1
36014101,1
36014401,1
36014901,1
36015001,1
36015101,1
36015201,1
36015501,1
36015601,1
36016301,1
36016401,1
36016601,1
36016701,1
36017001,1
36017601,1
36018101,1
36018401,1
36018701,1
36019201,1
36019401,1
36019501,1
36020301,1
36020401,1
36021101,1
36021201,1
36021501,1
36021701,1
36022001,2
36022201,1
36023001,1
36023201,1
36023301,1
36023401,1
36023801,1
36024201,1
36024401,1
36025001,8
36025301,8
36025801,1
36026401,1
36026901,8
36027301,1
36027601,1
36027701,1
36027801,1
36028001,1
36028201,1
36028401,1
36028501,1
36029001,1
36029101,1
36029201,1
36029701,1
36030701,1
36030901,1
36031101,1
36031501,1
36031801,1
36032001,1
36032501,1
36032801,1
36032901,1
36033201,1
36033401,1
36033601,1
36034801,1
36035001,1
36035101,1
36035301,1
36035901,1
36036301,1
36036601,1
36036602,1
36037101,1
36037201,1
36037401,1
36037801,1
36037802,1
36037803,1
36037901,1
36038301,1
36038501,1
36038701,1
36038801,1
36039101,1
36039201,1
36039301,3
36040001,2
36040201,1
36040801,1
36041301,1
36041601,1
36041602,1
36042501,2
36042601,1
36042602,1
36043101,1
36043401,1
36043601,1
36043602,1
36043801,1
36044201,1
36044601,1
36044801,1
36045201,1
36045901,1
36046301,1
36046302,1
36046601,1
36046701,1
36046901,1
36047101,1
36047601,1
36048301,1
36049701,2
36050601,1
36050901,1
36051901,1
36052201,1
36052401,1
36052601,1
36053001,1
36053701,1
36053801,2
36054001,1
36054401,1
36054501,1
36054502,1
36054701,1
36055701,1
36057201,1
36057202,1
36057301,1
36058001,1
36058101,1
36058701,1
36058801,2
36059001,1
36059301,1
36059302,1
36059401,1
36059601,1
36059701,1
36059901,1
36060401,1
36060601,1
36060701,1
36061301,1
36061601,1
36061901,1
36062001,1
36062201,1
36062301,1
36063201,1
36063701,1
36064501,1
36065601,1
36065901,1
36066201,1
36066202,1
36066203,1
36066501,1
36066601,1
36066701,1
36067001,1
36067201,1
36067901,1
36068101,1
36068401,2
36068701,1
36069201,1
36069501,1
36069901,3
36070501,1
36071301,1
36072901,1
36073001,1
36073401,1
36073701,1
36074701,1
36074901,1
36075101,1
36075501,1
36076101,1
36076201,1
36076701,1
36077101,1
36077201,1
36077401,1
36077601,1
36078101,1
36078901,1
36079201,1
36079501,1
36080001,1
36080201,1
36080401,1
36080501,1
36080901,1
36081101,1
36081201,1
36081301,1
36081701,1
36082201,1
36082601,1
36082801,1
36083001,1
36083101,2
36083301,1
36083801,1
36084001,1
36084101,1
36084401,1
36084501,1
36084601,1
36085101,1
36085501,1
36086301,1
36086601,1
36086701,1
36086801,2
36087401,1
36087601,1
36088301,1
36088302,1
36088303,1
36088401,1
36088402,1
36089001,1
36089101,1
36089102,1
36089301,1
36089701,1
36089801,1
36089901,1
36090101,1
36090102,1
36090401,1
36090701,1
36091301,1
36091801,1
36091901,1
36091902,1
36091903,1
36092501,1
36092601,1
36092801,1
36092901,5
36093101,1
36093301,1
36093401,1
36093601,1
36093701,1
36093702,1
36093901,1
36094001,1
36094101,1
36094301,1
36094801,1
36094901,1
36095001,1
36095801,1
36096101,1
36096201,1
36096801,1
36096901,1
36097001,1
36097101,1
36097102,1
36097501,1
36097701,1
36098301,1
36098501,1
36098901,1
36099001,1
36099201,1
36099401,1
36099501,1
36099601,1
36100001,1
36100101,1
36100201,1
36100401,1
36100601,1
36100801,1
36100901,1
36101101,1
36101401,1
36102101,1
36102201,1
36102601,1
36102701,1
36102801,1
36103201,1
36103501,1
36103601,1
36103701,1
36103801,1
36103901,1
36104201,1
36104301,1
36104302,1
36104501,1
36104601,1
36104602,1
36104701,1
36105001,1
36105101,1
36105901,1
36106101,1
36106201,1
36106401,1
36106701,1
36106702,1
36106901,1
36107201,1
36107301,1
36107302,1
36107501,1
36107701,1
36107901,2
36108101,1
36108301,1
36108401,1
36108701,1
36108801,1
37000301,1
37002001,1
37002701,1
37003301,1
37003601,1
37003701,1
37005701,1
37006101,1
37006201,1
37008601,1
37008901,1
37009401,1
37009801,1
37010501,1
37011601,1
37011602,1
37011603,1
37011604,1
37012301,1
37012901,1
37013001,1
37013401,1
37014701,1
37014702,1
37014801,1
37015001,1
37015901,1
37016601,1
37016701,1
37017501,1
37018801,1
37019201,1
37019401,1
37019501,1
37019901,1
37020501,1
37020601,1
37020801,1
37021001,1
37021701,1
37022101,1
37023401,1
37025201,1
37025701,1
37027301,2
37027701,1
37028201,1
37029401,1
37029901,1
37031901,1
37032101,1
37032601,1
37033301,1
37033901,1
37034601,1
37034701,1
37036501,1
37036601,1
37036801,1
37037901,1
37039301,1
37040501,1
37040601,1
37040701,1
37041501,1
37041502,1
37041503,1
37041601,1
37041602,1
37041901,1
37041902,1
37042901,1
37043001,1
37044701,1
37045001,1
37045701,1
37046501,1
37046901,1
37047501,1
37047801,1
37049301,1
37050601,1
37050801,1
37050901,1
37052001,1
37052101,1
37052201,1
37052401,1
37053101,1
37054401,1
37056301,1
37057101,1
37057701,1
37057702,1
37057801,1
37057901,1
37058001,1
37059201,1
37059501,1
37059601,1
37059602,1
37059801,1
37059901,1
37060001,1
37061301,1
37061401,1
37061402,1
37062501,1
37062901,1
37064501,1
37064502,9
37064901,1
37065001,7
37065201,1
37065501,1
37065901,1
37066301,1
37066501,1
37067401,3
37067402,3
37068001,1
37068101,1
37068301,1
37069201,1
37069301,1
37069401,1
37071401,1
37072001,1
37072301,1
37072501,1
37072801,1
37073101,1
37073201,1
37073301,1
37073401,1
37073601,1
37073901,1
37075001,1
37075601,1
37077201,1
37077301,7
37078501,1
37079701,1
37080701,1
37081501,1
37081701,1
37082001,1
37082801,1
37082901,7
37084001,1
37084101,1
37084201,1
37084401,1
37085001,1
37086101,1
37086801,1
37087701,1
37088201,1
37088301,1
37089601,1
37090101,1
37090201,1
37091301,9
37091701,1
37092601,1
37093001,1
37093301,1
37093801,3
37094201,1
37094401,1
37094501,1
37094801,1
37096001,1
37096201,1
37096901,1
37097501,1
37098801,1
37099701,1
37099801,1
37101101,1
37102101,1
37102102,1
37102201,1
37103301,1
37103501,1
37103601,1
37104201,1
37105801,3
37105901,1
37106101,5
37106301,1
37106302,1
37106401,1
37107101,3
37107201,3
37107801,1
37108801,1
37109301,1
37109401,1
37110801,1
37110901,1
37111001,1
37111501,1
37111601,1
37111602,1
37111901,1
37112201,1
37112301,1
37112701,1
37113001,1
37113501,1
37113701,1
37114201,1
37114401,1
37114901,1
37115401,1
37115701,1
37116001,1
37116301,1
37116302,1
37116501,1
37117601,1
37117901,1
37118601,1
37118801,1
37118901,1
37119301,1
37119501,1
37119601,1
37120001,1
37120401,1
37120501,1
37120601,1
37121401,1
37121501,1
37121901,1
37122101,1
37122301,1
37122401,1
37122501,1
37122801,1
37123001,1
38000401,8
38004601,1
38006101,1
38006102,1
38006103,1
38006104,1
38009901,1
38009902,1
38009903,1
38009904,1
38009905,1
38009906,1
38009907,1
38009908,1
38009909,1
38011401,1
38011601,1
38011801,8
38011802,8
38012101,8
38013901,8
39000601,1
39001701,3
39001702,3
39001703,3
39002201,1
39003201,1
39003601,1
39004401,1
39004601,1
39005101,1
39005301,1
39005501,1
39005601,1
39005602,1
39005701,1
39005702,1
39006501,1
39007401,1
39009801,1
39009901,1
39009902,1
39011001,1
39011201,1
39012201,1
39012301,1
39012701,1
39013001,1
39013301,1
39014301,1
39014401,1
39014701,1
39015301,1
39015401,1
39016301,1
39017601,1
39017701,1
39018401,1
39018601,1
39020301,1
39020701,1
39022001,1
39022101,1
39023501,1
39023701,1
39025701,1
39025801,1
39026001,1
39026301,1
39026501,1
39027001,1
39027101,1
39028801,1
39029001,1
39031501,1
39031701,1
39032401,1
39033601,1
39035801,1
39038901,1
39039001,1
39041901,1
39041902,1
39041903,1
39043101,1
39044001,1
39046801,1
39046901,1
39050301,1
39052101,1
39052901,2
39053001,1
39053101,1
39053102,1
39053801,1
39054001,1
39054601,2
39054601,3
39054601,5
39054901,3
39057401,1
39057801,1
39057802,1
39058001,1
39059001,1
39059801,1
39060101,1
39060401,1
39060402,1
39061201,1
39061801,1
39061901,1
39062401,1
39063201,1
39063801,1
39066101,1
39066901,1
39067401,1
39069401,1
39070201,1
39071001,1
39071301,1
39071302,1
39071303,1
39071304,1
39071401,1
39072401,1
39072601,1
39074201,3
39075901,1
39078301,1
39079101,1
39079501,1
39081001,1
39081701,1
39081901,1
39082401,1
39082701,1
39082702,1
39082801,1
39083101,1
39084701,1
39085201,1
39086101,1
39087501,1
39088301,1
39088501,1
39089001,1
39089301,1
39089701,1
39090201,1
39091301,1
39091801,1
39091901,1
39092301,1
39092901,1
39095401,1
39096101,3
39096201,1
39096801,1
39097101,1
39097601,3
39098601,1
39100201,1
39100301,1
39100302,1
39100303,1
39101401,1
39103101,1
39105301,1
39105401,1
39106001,1
39106101,1
40001201,1
40001301,1
40001601,1
40001901,1
40002701,1
40003101,1
40003701,1
40006601,1
40007201,1
40007601,1
40007901,1
40008001,1
40008301,1
40010101,1
40010701,1
40011301,1
40011901,1
40012001,1
40014401,1
40015301,1
40017901,1
40018301,1
40020001,1
40020401,1
40021701,1
40022701,1
40022801,1
40022901,1
40024501,1
40024801,1
40025501,1
40029401,1
40030501,1
40031401,1
40031402,1
40031601,1
40037001,1
40037201,1
40037701,1
40039401,1
40039601,1
40043001,1
40044001,1
40044501,1
40046301,1
40047801,1
40049501,1
40050401,1
40051001,5
40051601,2
40051901,1
40052701,1
40052901,1
40054201,1
40054801,1
40055001,1
40056301,1
40056401,1
40057501,1
40058001,1
40058201,1
40058401,1
40058801,1
40059301,1
40059601,1
40059701,1
40060601,1
40060901,1
40061301,1
40063301,1
40063401,1
40063601,1
40063901,1
41000201,1
41000701,1
41000801,3
41000901,1
41001401,1
41001501,1
41001601,9
41001801,9
41002101,1
41002601,8
41003101,1
41003501,1
41003801,1
41003901,3
41004001,1
41004201,1
41004301,1
41004601,1
41005101,1
41005301,1
41005701,1
41005801,1
41006801,8
41007601,3
41008201,9
41008501,2
41008701,2
41009201,9
41009301,1
41009501,8
41010001,1
41010201,1
41010401,1
41011001,8
41012401,9
41012601,8
41013401,8
41014101,3
41016301,8
41016701,8
41018101,8
41018201,9
41019101,8
41019301,8
41019501,8
41019701,8
41021801,8
41022101,8
41022401,1
41022801,2
41023201,8
41023501,8
41024901,8
41025301,7
41025401,8
41025801,2
41025901,8
41026201,8
41027201,8
41027202,8
41027601,8
41027602,8
41027603,8
41027901,8
41028101,8
41028401,8
41028501,8
41029301,8
41029401,8
41029801,8
41031001,8
41031201,1
42000901,1
42001201,1
42001801,1
42001901,1
42002501,1
42002601,1
42002801,9
42003001,8
42003301,9
42003401,1
42003501,1
42003701,1
42010301,1
42010701,1
42011001,1
42011501,1
42011901,1
42012001,1
42012101,1
42012301,1
42012501,1
42012601,1
42012701,1
42012901,9
42013001,9
42015101,1
42015601,1
42015801,1
42015802,1
42016101,1
42016501,1
42017501,1
42017601,1
42017701,1
42018301,9
42018501,9
42018901,1
42018902,9
42018903,9
42018904,9
42020001,1
42020401,1
42021201,1
42021401,1
42021501,1
42021801,9
42021901,1
42022001,3
42023101,9
42023201,1
42023301,9
42023401,1
42023501,9
42023801,8
42024301,1
42024801,1
42024901,8
42026501,1
42027001,1
42027101,1
42027901,1
42028801,1
42030401,1
42031201,1
42032401,1
42032402,1
42034701,1
42034801,1
42037001,1
42039901,1
42040101,1
42040301,1
42041801,1
42042001,1
42042501,1
42043301,1
42044201,9
42044401,1
42044402,1
42044403,1
42044601,1
42044602,1
42044603,1
42045501,1
42046401,1
42050701,1
42050702,1
42052501,1
42053401,1
42053501,1
42054001,1
42054101,1
42054301,1
42054401,1
42054701,1
42055401,1
42058501,2
42058501,3
42060901,1
42064101,1
42064301,1
42065101,1
42065201,1
42065701,1
42065801,1
42065901,1
42066101,9
42066801,1
42067001,1
42068001,9
42069401,3
42070401,9
42072001,1
42073801,1
42074801,1
42076201,1
42076301,1
42077901,1
42077902,1
42078001,9
42078101,1
42079101,3
42079102,3
42080901,1
42083701,2
42083701,3
42084101,1
42084301,1
42084701,1
42086801,1
42087001,1
42087101,1
42087701,1
42088101,9
42088201,1
42089301,3
42089601,1
42089602,1
42089603,1
42089604,1
42091401,1
42093901,1
42093902,1
42094001,3
42094301,8
42094401,8
42094601,1
42096101,1
42096201,1
42096301,1
42096302,1
42096601,1
42098801,1
42099401,1
42099501,3
42101301,1
42101302,9
42101401,9
42101402,9
42101801,1
42101901,1
42101902,1
42102101,1
42102701,1
42103001,1
42103301,3
42104801,1
42107601,1
42107701,1
42108001,1
42108101,1
42108401,1
42108701,1
42109401,1
42110001,9
42110201,1
42111001,1
42111101,1
42111401,1
42114201,1
42114401,1
42114501,1
42115001,1
42115101,1
42115201,1
42115301,1
42115401,1
42115601,1
42115901,1
42116101,1
42116401,1
42118201,1
42118301,1
42118401,1
42118501,1
42118801,1
42119901,1
42120401,1
42120501,1
42120601,1
42120701,1
42120801,1
42121001,1
42121101,1
44000301,8
44001501,2
44001501,3
44002901,2
44003601,1
44003602,1
44003603,1
44004401,1
44004801,1
44005001,1
45000201,1
45001201,1
45001801,1
45002201,1
45002301,1
45002901,1
45003001,1
45003101,1
45003201,1
45004801,1
45004901,1
45005301,1
45005302,1
45006001,1
45007401,1
45007501,1
45007801,2
45007802,2
45008101,1
45008201,1
45008301,1
45009301,1
45009701,1
45010101,1
45012301,1
45012302,1
45012501,1
45013101,1
45015201,1
45015801,1
45016601,1
45017201,3
45017301,1
45018901,1
45020401,1
45020801,1
45020901,1
45022001,1
45022301,2
45022801,1
45023001,1
45024201,5
45024301,1
45024501,1
45025801,1
45026201,1
45027101,1
45027201,1
45027601,1
45027801,1
45028101,1
45029001,1
45030201,1
45030501,1
45030701,1
45031301,1
45031701,1
45032001,1
45034701,1
45035401,1
45035801,1
45036701,1
45039301,1
45040701,1
45042201,1
45042901,1
45043301,1
45043501,1
45044001,1
45044701,1
45045001,1
45045101,1
45046201,1
45047101,1
45047801,1
45047901,1
45048101,1
45048301,1
45049101,1
45049201,1
45049601,1
45049901,1
45050101,1
45051801,1
45052501,1
45053101,1
45053401,1
45053801,1
45054101,1
45054301,1
45055101,1
45055401,1
45055601,1
45055901,1
45057101,1
45057102,1
45057401,1
45058101,1
45058201,1
45058202,1
45058801,1
45060401,1
45060402,1
45060501,1
45060701,1
45060801,1
45063301,1
45063901,1
45064701,1
45064901,1
45065201,1
45065801,1
45067201,1
45067301,1
45067701,1
45067801,2
45068001,1
45069601,1
45069701,1
45070301,1
45070601,1
45071401,1
45071901,1
45072001,1
45072501,1
45073301,1
45073601,1
45073602,1
45074201,1
45074501,1
45074801,1
45075001,1
45075401,1
45077101,1
45077501,1
45077601,1
45077701,1
45079001,1
45079201,1
45079301,1
45080101,1
45080701,1
46002401,1
46008501,1
47000301,1
47002301,1
47002601,1
47003701,1
47004701,1
47006201,3
47006301,3
47006302,3
47006303,3
47008601,1
47009801,1
47014001,8
47016001,1
47016201,1
47016601,1
47016901,1
47017001,1
47017201,1
47020401,1
47020801,1
47021701,1
47021702,1
47021703,1
47021704,1
47021705,1
47021801,9
47022501,1
47022901,1
47023901,1
47027501,1
47028201,1
47030501,1
47032101,1
47033201,1
47033202,1
47036201,1
47039901,1
47039902,1
47039903,1
47040701,1
47043801,1
47044501,1
47046801,1
47052501,1
47053001,1
47053101,1
47053301,1
47053302,1
47053303,1
47053501,1
47053601,1
47054401,1
47054701,1
47057101,2
47057801,1
47059701,1
47060101,1
47060601,1
47061601,1
47061901,1
47063101,1
47063102,1
47064501,1
47064502,1
47064503,1
47064601,1
47064901,1
47065201,1
47069701,1
47070901,1
47071701,1
47073901,1
47075901,1
47077901,1
47078601,1
47078602,1
47080701,1
47082001,1
47082501,1
47082701,1
47082801,1
47086201,1
47086601,1
47086701,1
47086901,1
47087401,8
47090301,1
47090302,1
47092401,1
47093101,1
47094101,1
47094701,1
48000401,8
48000601,8
48000701,8
48000901,8
48001201,8
48001901,8
48001902,8
48002401,8
48002601,2
48002602,2
48003101,8
48003301,8
48005101,8
48005501,8
48005701,8
48005702,8
48005801,8
48006001,8
48007001,8
48007101,8
48007501,1
48007601,8
48008101,8
48008601,8
48008701,8
48009001,8
48009201,8
48010101,8
48010201,8
48010301,8
48010801,8
48011101,8
48011501,8
48011701,8
48012001,8
48012401,8
48012601,8
48013401,8
48014101,8
48015001,8
48015101,8
48016701,8
48016702,8
48017101,1
48017601,8
48018101,8
48019101,8
48019801,8
48020401,8
48020402,8
48021101,8
48021701,8
48022301,8
48023401,8
48023701,8
48023901,8
48024101,8
48024301,8
48024701,8
48024801,8
48024901,8
48025201,8
48026101,8
48026301,8
48026501,8
48027001,8
48027201,8
48027301,8
48027501,8
48027601,8
48027602,8
48027701,8
48028501,8
48028901,8
48029301,8
48030401,8
48030501,8
48032801,8
48034101,8
48035501,8
48036101,8
48036601,8
48037401,8
48037601,8
48038301,8
48038601,8
48039001,8
48039601,8
48039701,8
48040701,8
48041201,8
48042101,8
48042401,8
48043501,8
48044501,8
48044701,8
48044901,8
48046601,8
48046801,8
48047401,8
48048101,8
48048301,8
48048302,8
48048303,8
48048501,8
48048502,8
48048801,8
48049901,8
48050701,8
48051001,8
48051601,8
48051602,8
48052301,8
48052302,8
48052701,8
48053201,8
48053601,8
48054201,8
48054301,8
48054901,8
48055301,1
48055302,1
48055801,8
48056401,8
48056701,8
48056801,8
48056901,8
48056902,8
48057601,8
48059201,8
48059301,8
48060201,8
48060401,8
48061801,8
48062601,8
48062901,8
48063701,8
48064001,8
48064901,8
48065001,8
48067001,8
48067401,8
48067501,8
48068501,8
48068801,8
48069901,8
48070401,8
48070601,1
48071401,8
48071501,8
48072001,8
48073101,8
48073102,8
48073701,8
48073801,8
48075301,8
48076001,8
48076601,1
48077401,8
48078401,8
48079701,8
48079901,8
48080001,8
48080101,8
48080201,8
48080301,8
48081601,8
48081901,8
48082201,1
48082601,8
48082602,8
48083301,8
48083401,8
48084101,8
48085201,8
48085601,8
48086101,8
48086201,8
48086501,8
48087001,8
48087101,8
48087401,8
48087801,8
48090201,8
48091601,8
48091901,8
48092501,8
48092502,8
48094601,8
48097101,8
48098001,8
48098002,8
48098003,8
48098004,8
48098401,8
48098402,8
48098601,8
48099601,8
48099701,8
48099901,8
48100501,8
48100601,8
48100701,8
48100901,8
48103501,8
48103801,8
48103901,8
48104701,2
48105101,8
48105701,8
48108301,8
48109001,8
48110401,8
48110601,8
48111101,8
48111701,8
48112501,8
48112701,8
48113701,8
48114101,8
48114901,8
48116701,8
48116702,8
48117301,8
48118701,8
48119001,8
48120601,8
48121201,2
48121401,1
48121901,8
48122701,8
48123401,8
48124101,8
48124201,8
48125601,8
48125701,8
48126401,8
48126801,8
48127501,8
48128001,8
48128401,8
48129101,8
48129401,8
48129601,8
48129801,8
48129802,8
48130201,8
48131201,1
48131801,8
48133001,8
48133101,8
48136001,8
48136501,2
48139101,8
48141301,8
48142201,8
48142301,8
48142901,8
48143001,8
48143301,8
48143701,8
48143901,8
48144101,8
48144601,1
48145201,8
48147001,8
48147002,8
48147201,8
48148001,8
48148301,8
48148401,8
48148901,8
48150001,8
48151301,8
48152201,8
48152301,1
48152401,8
48153201,8
48153901,8
48154001,8
48154401,8
48154601,8
48154602,8
48154603,8
48154604,8
48155201,8
48156601,1
48157001,8
48157101,8
48157301,8
48158101,8
48158301,8
48158701,8
48159001,8
48159501,8
48160001,8
48160002,8
48160003,8
48160501,8
48160601,8
48161601,8
48161801,8
48162001,1
48162601,8
48163101,8
48164201,8
48165501,8
48165701,8
48166001,8
48166601,8
48167201,8
48167401,8
48167701,8
48168501,8
48168502,8
48168701,8
48168801,8
48170001,8
48170201,8
48170901,1
48171301,8
48171501,8
48172201,8
48172401,1
48173101,8
48175801,8
48176601,8
48177301,8
48177302,8
48177701,8
48178001,8
48178301,8
48178601,8
48178901,8
48178902,8
48181001,8
48181101,8
48181301,8
48181801,8
48183501,8
48183601,8
48183701,8
48184201,8
48184701,1
48184801,8
48185501,8
48187901,8
48188101,8
48188401,8
48189101,8
48189601,8
48190001,8
48190401,8
48192501,8
48192502,8
48192503,8
48192504,8
48192505,8
48192506,8
48192601,8
48192801,8
48193801,8
48194501,8
48194801,8
48195101,8
48195102,8
48195201,8
48195501,8
48195801,8
48196001,8
48196801,8
48198601,8
48199701,8
48199901,8
48200101,8
48200401,8
48202201,8
48202701,1
48203701,8
48203901,8
48204101,8
48204401,8
48205901,8
48206601,8
48207301,8
48208101,8
48208401,8
48208501,8
48208601,8
48209401,8
48209701,8
48209801,8
48210001,8
48210101,8
48210301,8
48210601,2
48210901,8
48211801,8
48212701,8
48212801,1
48212802,1
48213501,8
48214501,8
48215501,8
48215601,8
48217001,8
48217101,8
48217601,8
48217901,8
48219101,8
48219301,8
48219401,8
48219402,8
48220401,8
48220601,8
48221601,8
48221901,8
48222201,8
48223101,8
48223501,8
48223801,8
48224901,8
48225001,8
48225101,8
48225501,8
48225901,8
48226201,1
48227001,1
48227002,1
48227003,1
48227201,8
48227202,8
48227401,8
48227901,8
48228301,8
48228401,8
48228901,8
48230001,8
48231201,8
48232801,8
48233401,8
48233501,8
48233801,8
48234401,8
48234901,8
48235401,8
48236101,8
48236102,8
48236201,8
48236501,8
48236801,8
48237001,8
48237101,8
48237201,8
48237301,8
48237901,8
48238001,8
48238002,8
48238101,8
48238201,8
48238601,8
48239601,8
48239901,8
48239902,8
48239903,8
48239904,8
48239905,8
48240201,8
48240401,8
48240901,8
48241201,8
48242301,8
48243301,8
48243601,8
48243602,8
48243801,8
48244201,8
48244401,8
48244501,1
48245201,8
48245202,8
48245701,8
48246801,8
48247101,8
48248501,8
48249701,8
48250101,8
48250201,8
48250401,8
48251601,8
48252801,8
48253001,8
48253101,8
48253501,8
48253801,8
48253901,8
48255301,8
48255501,8
48255801,8
48255901,8
48257101,8
48257501,8
48258201,8
48258401,8
48258901,8
48260901,8
48261001,8
48261601,8
48262301,8
48262901,8
48262902,8
48262903,8
48262904,8
48263101,8
48264001,8
48264901,8
48265201,8
48265301,8
48265401,8
48265901,8
48266301,8
48268801,8
48269101,8
48269501,8
48270901,8
48270902,8
48272201,8
48272501,8
48273101,8
48273301,8
48273501,8
48275001,8
48276201,8
48276301,8
48276501,8
48277601,8
48278401,8
48278601,8
48278602,8
48278603,8
48278801,8
48278901,8
48279101,8
48279601,8
48279901,8
48281301,8
48282501,8
48283001,8
48283101,8
48284301,8
48284401,8
48284801,8
48285001,8
48285101,8
48285201,8
48285401,8
48285501,8
48286801,8
48287501,8
48287701,8
48289201,8
48289301,8
48289901,8
48290701,8
48291401,8
48294001,8
48294201,8
48294401,8
48296701,8
48297701,8
48297901,8
48298501,8
48299901,8
48300401,8
48300402,8
48300701,8
48301001,8
48301201,8
48301901,8
48302301,8
48303901,8
48304001,8
48304201,8
48304301,8
48304401,8
48304701,8
48304901,8
48305001,8
48305701,8
48305901,8
48306301,8
48306401,8
48306601,8
48306801,8
48307901,8
49000801,8
49001101,8
49002201,8
49002202,8
49002801,8
49002802,8
49003101,8
49003501,9
49003701,1
49004201,8
49005801,8
49007301,1
49009301,1
49009701,8
49010501,1
49010901,8
49011401,1
49012101,8
49012501,1
49013001,1
49014201,1
49015001,1
49015101,1
49015301,9
49015801,1
49015901,1
49017101,9
49017301,8
49018301,1
49018601,1
49018801,1
49019001,1
49019301,1
49019901,1
49020001,1
50000101,1
50001101,1
50001301,8
50001302,8
50001401,8
50001601,1
50005601,1
50005901,1
50006401,1
50006601,1
50006602,1
50007001,1
51000101,1
51002701,1
51003001,1
51003401,1
51003901,1
51004001,8
51004201,1
51004301,1
51004901,1
51005001,1
51005201,1
51005202,1
51005301,1
51005601,1
51006801,1
51008501,1
51008901,1
51009501,1
51009601,1
51009701,1
51010101,1
51010401,1
51010701,1
51011701,1
51012401,1
51015201,1
51017201,1
51017701,1
51017702,1
51018101,1
51018102,1
51018201,1
51019101,8
51019401,1
51019901,1
51020301,1
51020801,1
51020901,1
51025101,1
51026301,1
51027501,1
51027901,1
51028201,1
51029901,1
51029902,1
51029903,1
51030001,1
51032901,1
51033601,1
51033901,1
51036301,1
51037101,1
51038101,1
51038301,1
51038901,1
51039101,2
51039601,2
51039701,1
51040201,1
51040501,1
51041201,1
51043401,1
51043701,1
51043901,1
51045001,1
51045101,1
51045601,1
51046001,1
51046002,1
51046003,1
51046004,1
51046005,1
51046006,1
51046007,1
51047101,3
51047201,1
51049401,1
51049501,1
51049701,1
51050101,1
51051301,1
51051401,1
51051601,1
51051602,1
51052601,1
51053001,1
51053501,1
51053901,1
51054201,1
51054601,3
51055501,1
51056401,1
51057301,1
51058401,1
51058501,1
51058701,1
51059001,1
51059401,1
51059801,1
51060001,1
51060301,1
51061701,2
51062501,1
51064001,1
51064101,1
51064201,1
51064501,1
51065101,1
51065601,1
51065701,1
51065801,1
51065901,1
51066001,1
51067201,1
51067301,1
51068001,1
51069001,1
51069201,1
51069601,1
51070601,1
51071501,1
53001101,1
53001401,1
53001801,1
53002001,1
53002501,1
53003001,1
53003301,1
53003401,1
53003501,1
53003601,1
53004601,1
53004801,1
53004901,2
53005401,1
53005701,1
53005801,1
53006101,1
53006102,1
53006103,1
53006601,1
53007501,1
53007801,1
53008201,1
53008801,9
53009001,1
53009201,1
53009501,1
53010501,1
53010601,1
53011001,1
53011801,2
53012601,1
53013601,1
53014301,1
53014401,1
53015001,1
53015002,1
53015003,1
53015301,2
53015401,1
53018501,1
53019701,1
53020201,1
53020401,1
53020901,1
53021301,1
53021501,1
53021701,1
53023401,1
53023501,1
53023701,1
53023901,1
53024201,1
53024401,1
53025001,1
53025002,1
53025003,1
53025601,1
53025801,1
53027001,1
53028601,1
53029401,1
53030101,1
53030201,1
53030301,1
53030601,1
53030901,1
53031001,1
53032001,1
53032501,2
53032901,1
53033101,1
53033401,1
53034301,1
53034401,1
53034901,1
53035601,1
53035701,1
53036801,1
53037001,1
53037201,1
53037301,8
53037401,8
53038001,1
53038301,1
53038501,1
53038601,1
53038901,3
53039101,1
53039201,1
53039901,1
53040101,1
53040501,1
53040701,1
53041201,1
54001001,1
54002301,1
54002401,1
54004701,1
54005001,1
54005301,1
54005701,1
54006301,1
54006302,1
54006401,1
54007301,1
54008301,1
54009601,1
54012601,1
54013901,1
54014201,1
54017001,1
54017201,3
54017401,1
54018501,1
54018801,1
54019901,1
54022601,1
54022602,1
54023201,1
54023701,1
54024001,1
54026101,1
54026601,8
54026901,1
54027001,1
54029501,1
54029601,1
54030101,1
55000901,1
55003001,1
55005201,1
55008401,1
55009101,1
55009301,1
55011101,1
55011401,1
55013101,1
55013601,1
55015301,1
55016001,2
55017801,1
55017901,1
55018201,1
55018301,1
55019401,1
55019701,1
55019702,1
55019703,1
55019704,1
55020301,2
55020302,2
55020303,2
55021301,1
55022101,1
55024201,1
55024801,1
55026501,1
55027501,2
55027901,1
55028601,3
55028801,1
55029001,1
55029101,9
55029401,1
55030101,1
55033501,2
55033801,1
55034401,1
55037001,1
55038001,1
55038401,1
55039501,1
55039502,1
55039801,1
55040101,1
55043801,1
55043901,1
55044001,2
55044701,1
55045501,1
55045601,1
55047101,1
55047801,1
55049101,1
55049801,9
55051001,1
55052401,1
55053101,1
55053901,1
55054001,1
55054501,1
55054901,1
55054902,1
56000901,1
56002001,1
56002401,1
56007201,1
56009701,3
56009701,7
56010001,1
