PER_ID,MTM_CRSH
1000601,12
1000901,99
1001001,12
1001201,2
1002201,1
1002201,12
1003301,4
1003901,19
1005301,99
1005501,0
1005901,6
1005901,19
1006701,1
1006701,12
1006701,19
1006901,4
1006901,19
1008101,2
1008401,0
1008402,0
1008403,0
1010401,12
1011701,0
1015001,2
1015301,1
1015701,12
1015701,19
1015901,0
1017401,4
1018001,0
1018002,0
1018003,0
1018004,0
1018901,2
1020301,9
1020501,2
1020501,12
1020601,9
1020602,9
1021901,2
1023601,1
1024401,2
1024401,12
1024701,19
1026001,0
1026401,99
1027501,19
1028201,4
1032401,0
1032402,0
1032801,0
1034101,2
1034201,2
1034201,3
1035501,9
1038201,19
1038301,2
1039201,9
1040201,19
1041001,0
1041701,19
1043801,12
1044101,4
1045401,99
1046101,19
1048101,2
1048101,19
1049101,19
1049102,19
1049401,0
1049402,0
1050701,4
1051801,4
1051901,0
1052801,12
1052801,19
1053101,1
1053101,12
1053501,9
1053501,19
1054101,12
1055201,19
1055701,4
1055701,19
1056001,4
1059101,9
1060401,0
1061001,0
1062301,4
1062301,19
1062302,4
1062302,19
1062501,12
1062501,19
1062601,99
1063801,1
1065601,2
1066901,0
1067701,2
1067701,12
1067702,2
1067702,12
1069601,2
1069601,19
1070101,9
1072101,9
1072101,19
1072801,12
1073001,12
1073001,19
1074501,12
1075201,0
1075401,12
1077601,9
1078701,2
1078702,2
1079101,4
1080401,9
2000401,4
2000401,19
2001501,4
2003901,1
2004101,0
2004701,1
2004701,4
2004801,4
2004901,4
2005101,4
2005301,3
2005401,1
2005401,12
4000301,5
4000601,12
4000801,1
4000801,6
4001401,4
4001401,19
4001801,0
4001901,19
4001902,19
4002501,12
4003201,2
4003201,3
4003201,12
4003801,4
4003801,19
4004101,2
4004101,12
4004801,99
4004901,4
4005001,12
4005301,2
4005801,2
4005801,12
4005901,2
4005901,12
4006101,4
4006301,1
4006301,2
4006401,12
4006701,2
4006701,12
4006701,19
4007001,0
4007002,0
4007701,99
4008401,12
4010401,12
4010501,99
4010701,6
4010701,12
4010901,99
4011601,4
4011701,4
4011801,0
4011901,9
4012201,2
4012201,3
4012201,12
4012401,0
4012402,0
4012701,4
4013001,0
4013201,0
4015301,5
4015401,0
4015701,3
4015701,12
4016401,4
4016801,0
4016802,0
4016803,0
4016804,0
4017201,2
4017301,99
4017401,4
4017901,2
4017901,4
4018001,99
4018101,4
4019001,99
4019401,12
4019701,4
4019701,19
4019801,1
4019801,3
4021101,0
4021401,12
4021901,4
4021901,19
4022601,0
4022801,99
4023401,12
4024601,1
4024601,2
4024601,12
4024901,12
4024902,12
4025101,4
4025102,4
4025201,4
4025501,1
4025501,2
4025501,12
4025701,12
4026401,1
4027501,12
4027901,2
4027901,12
4031101,12
4032601,5
4032801,3
4033201,99
4033501,2
4034701,2
4034701,3
4034901,2
4035201,99
4036101,2
4036101,19
4036201,99
4036401,4
4036401,12
4036701,12
4039001,99
4039101,99
4039401,99
4039501,12
4040401,1
4040401,2
4040401,3
4040701,2
4042001,99
4042701,2
4042701,12
4043301,12
4043301,19
4044301,4
4044301,19
4045001,12
4045002,12
4045301,0
4045501,99
4045901,12
4045901,19
4047301,0
4047601,99
4048401,3
4048701,12
4049001,12
4049001,19
4050101,4
4050101,19
4052001,0
4052401,4
4054401,1
4054401,12
4054601,1
4054601,12
4055201,0
4055801,12
4055801,19
4056001,0
4058001,99
4058101,12
4058401,12
4058901,99
4059101,12
4059301,4
4059701,0
4060201,12
4060301,1
4060301,12
4061101,12
4061401,2
4061401,3
4062001,99
4062201,2
4062201,12
4062801,12
4063401,2
4063401,6
4063501,12
4063701,1
4063701,12
4064201,98
4064301,99
4064501,0
4064701,12
4065101,12
4065301,1
4065301,12
4065301,19
4066901,12
4067001,4
4067801,2
4067801,12
4067801,19
4068401,0
4069001,0
4069201,9
4069301,12
4069301,19
4069701,99
4069801,2
4070201,12
4070201,19
4070301,12
4071401,99
4071801,12
4071802,12
4072401,12
4072501,12
4073201,12
4073701,3
4073901,5
4074101,12
4074801,12
4075101,4
4075102,4
5000201,4
5002601,21
5002801,21
5003001,99
5004501,98
5005101,1
5005101,12
5005601,0
5005701,2
5006101,0
5007301,19
5007801,98
5008801,0
5009701,4
5009702,4
5009801,1
5009801,4
5010001,2
5010001,17
5011601,4
5011701,0
5015001,19
5015401,99
5015601,2
5015801,4
5017401,4
5018801,4
5020601,0
5024901,19
5025901,2
5030601,1
5031001,16
5032301,21
5033801,4
5033901,17
5034001,12
5036201,1
5036701,1
5036701,2
5037201,21
5037501,0
5037502,0
5041501,0
5042601,0
5043801,19
5044701,12
5045201,19
5045201,21
5045701,4
5045801,4
5046201,1
5046201,19
5046901,2
5047401,0
5047601,0
5048501,99
5048701,21
5049201,99
5049202,0
5049401,21
5049501,2
6001001,0
6001101,2
6001101,12
6001201,2
6001201,12
6001201,19
6001401,12
6001501,2
6001501,12
6001501,19
6001601,2
6002501,2
6002501,12
6002901,0
6003001,0
6003801,2
6004401,2
6004501,0
6004601,2
6004701,2
6004701,12
6004701,19
6005401,0
6005701,2
6006901,2
6007301,2
6007301,3
6007301,19
6008001,0
6008501,2
6008501,12
6008501,19
6008601,2
6008901,2
6008901,19
6009001,2
6009001,3
6009201,2
6009201,12
6009401,2
6009401,12
6009701,2
6009701,12
6010401,2
6010401,12
6010402,2
6010402,12
6010601,2
6010601,12
6010701,0
6011301,0
6011801,2
6011801,12
6012001,2
6012001,12
6012201,2
6012201,12
6012201,19
6012701,0
6012801,2
6012801,12
6013001,0
6013301,2
6013701,2
6013701,6
6013801,2
6013901,0
6014101,99
6014201,9
6014201,14
6014401,2
6014601,2
6014601,12
6015201,0
6015601,0
6015602,0
6016001,2
6016101,2
6016401,1
6016401,2
6016501,0
6016601,0
6017501,2
6017501,12
6017701,2
6017701,12
6018001,2
6018001,12
6018201,2
6018201,12
6018301,0
6018302,0
6018401,2
6018401,12
6018501,2
6018501,12
6018501,19
6018601,2
6018601,12
6019001,12
6019101,2
6019101,19
6019301,2
6019401,2
6019401,12
6019501,4
6019601,2
6019601,12
6019701,0
6019801,2
6020201,19
6020401,0
6020601,13
6020601,19
6020901,2
6021101,0
6021301,2
6021301,12
6022501,2
6022502,2
6022601,2
6022601,19
6023201,1
6023201,2
6023201,12
6023701,0
6024001,2
6024001,12
6024701,1
6024701,2
6024701,19
6024801,2
6024801,3
6025101,1
6025101,2
6025101,12
6025201,99
6025301,1
6025601,1
6025601,6
6026201,0
6026401,2
6027301,4
6027302,4
6027501,19
6029201,2
6029201,12
6029201,19
6029901,2
6030001,2
6030001,12
6030601,0
6030602,0
6030603,0
6030604,0
6031101,0
6031201,2
6031201,4
6031201,19
6031801,1
6031801,12
6032001,2
6032101,2
6032101,4
6032101,19
6032501,0
6032601,0
6033001,2
6033001,12
6033501,4
6033501,19
6033601,2
6033601,12
6033701,2
6033701,12
6033901,0
6034001,21
6034301,2
6034301,19
6034501,0
6034601,0
6034901,4
6035001,2
6035701,2
6035801,0
6036101,2
6036101,19
6036401,0
6036601,0
6036801,0
6037101,2
6037101,3
6037101,12
6037201,9
6037501,1
6037901,2
6037901,12
6038201,2
6038401,2
6038401,12
6038801,19
6039001,0
6039002,0
6039101,2
6039101,12
6040301,16
6041201,2
6041201,12
6041301,0
6041401,0
6041901,2
6041901,19
6042801,2
6042801,3
6043201,2
6043201,4
6043401,2
6043401,12
6043701,2
6043701,12
6043901,2
6044401,2
6044401,12
6044402,2
6044402,12
6044501,1
6044501,2
6044501,12
6044601,2
6044601,12
6044601,19
6045801,2
6046401,2
6046501,2
6046601,1
6046601,2
6046801,1
6046801,2
6046801,12
6047401,4
6047701,4
6048501,2
6048501,6
6048501,19
6048701,98
6049201,2
6049201,19
6049301,1
6049301,2
6049301,12
6049701,9
6051701,2
6052401,2
6052401,12
6052601,2
6052601,12
6053301,4
6053401,2
6053401,12
6053501,3
6053501,19
6053601,12
6053901,0
6054101,4
6054101,19
6054301,2
6054401,2
6054401,6
6054401,12
6054501,2
6054501,12
6054701,2
6054701,12
6054901,99
6055001,0
6055101,2
6055101,12
6055201,21
6055301,9
6055501,0
6056001,2
6056001,12
6056501,2
6056501,12
6056801,0
6056802,0
6057401,2
6057401,12
6057801,2
6058001,2
6058001,3
6058101,2
6058101,12
6058101,19
6058501,1
6058501,2
6058601,2
6058601,19
6058901,2
6059801,12
6060701,2
6060801,0
6061701,1
6061701,2
6061701,6
6062101,0
6062301,0
6062701,0
6063301,2
6063301,12
6063301,19
6063801,0
6064201,2
6064201,12
6064201,19
6064301,0
6064302,0
6064303,0
6064601,12
6065001,2
6065001,12
6066101,2
6066101,12
6066101,19
6067701,2
6067701,6
6067701,12
6067901,1
6067901,12
6068101,0
6068401,0
6069201,0
6070201,0
6070202,0
6070203,0
6070701,2
6071001,98
6071401,2
6071801,2
6072301,2
6072501,0
6072801,2
6072801,3
6073001,2
6073101,1
6073101,2
6073101,12
6073501,2
6073501,12
6073601,99
6074601,99
6074801,2
6074801,12
6075001,1
6075001,2
6075001,12
6075101,2
6075101,12
6075201,2
6075201,12
6075601,2
6075601,12
6075801,2
6076301,0
6076501,2
6076501,4
6077001,0
6077101,2
6077101,3
6078201,0
6079301,1
6079301,6
6079301,19
6079601,0
6079801,2
6080001,12
6081101,0
6081501,0
6081901,2
6081901,12
6081901,19
6082301,99
6082701,2
6083301,2
6084001,0
6084101,2
6084501,0
6084701,0
6085001,9
6085001,12
6085601,6
6085601,19
6085701,2
6085801,1
6086101,0
6086201,4
6086301,2
6086301,12
6086801,9
6086801,13
6086901,0
6087101,9
6087301,0
6087701,12
6087901,0
6087902,0
6089001,3
6090801,2
6091101,0
6091801,2
6091801,6
6092101,2
6092101,3
6092101,9
6092301,0
6092401,0
6092901,2
6093001,4
6093701,2
6093701,19
6093901,2
6093901,12
6094701,0
6094702,0
6094801,2
6096001,0
6096002,0
6096401,0
6097501,0
6097701,0
6097901,2
6098101,0
6098301,7
6098701,9
6098701,17
6098801,0
6099201,12
6099601,12
6100301,3
6100701,0
6101601,21
6101602,21
6102101,2
6102101,19
6102301,21
6102801,0
6103201,2
6103501,0
6103502,0
6103503,0
6103601,0
6104701,0
6104901,2
6105001,2
6105101,0
6106101,2
6106101,12
6106701,2
6106701,12
6107101,0
6107301,21
6108001,0
6108201,1
6108201,3
6108601,2
6108601,3
6111001,0
6111101,2
6111901,0
6112501,2
6112501,14
6113501,2
6114601,3
6115101,0
6115401,12
6115801,0
6116401,0
6116801,0
6117001,0
6118101,2
6118101,12
6118401,2
6118501,0
6118701,2
6119001,2
6119001,19
6119101,21
6119201,2
6119301,0
6120501,2
6120501,12
6122601,0
6122801,2
6122801,9
6123701,2
6123701,12
6123701,19
6123702,2
6123702,12
6123702,19
6123801,0
6124101,2
6124101,12
6124301,2
6124301,12
6124701,0
6124702,0
6124801,12
6124901,12
6125001,0
6125201,2
6125201,19
6125701,0
6125801,0
6125901,0
6125902,0
6126001,2
6126601,0
6126701,0
6126801,0
6126901,12
6127501,2
6127501,12
6127501,19
6127601,0
6128101,21
6128201,3
6128701,2
6129001,0
6129002,0
6129101,2
6129101,3
6129301,2
6129301,12
6129301,19
6129401,1
6129401,2
6130201,2
6130201,3
6130301,2
6131001,2
6131001,19
6131101,0
6132301,4
6132301,19
6132501,2
6132501,12
6133101,2
6133101,3
6133201,12
6133201,19
6133501,2
6134301,0
6134302,0
6134601,2
6134701,2
6134801,0
6134901,0
6135001,2
6135001,12
6135001,19
6135101,2
6135201,2
6135201,12
6135201,19
6135601,2
6135601,12
6135601,19
6135901,0
6136001,2
6136101,2
6136101,12
6136701,2
6137201,0
6137202,0
6137401,2
6137401,3
6137501,3
6137601,12
6137701,2
6137901,0
6137902,0
6138301,1
6138301,3
6138601,15
6138701,0
6139101,2
6139101,3
6139102,2
6139102,3
6139401,2
6139401,19
6139402,2
6139402,19
6139701,12
6139701,14
6139701,19
6139801,0
6139802,0
6139803,0
6140301,2
6140301,12
6140501,7
6141701,0
6142201,2
6142201,3
6143101,0
6143401,2
6143901,99
6144001,2
6144301,0
6144901,2
6144901,12
6145301,0
6146101,2
6146401,9
6146601,0
6147401,2
6147401,6
6147401,19
6147801,2
6147801,19
6147901,1
6148001,7
6148701,2
6148701,3
6149101,3
6149401,0
6150001,98
6150601,2
6150601,4
6150601,19
6151001,98
6151401,98
6152501,6
6153201,2
6153801,2
6153801,19
6154001,2
6154301,0
6154901,12
6155101,0
6155401,2
6155401,3
6155501,0
6155901,0
6156001,2
6156301,2
6156301,4
6156301,19
6156601,2
6156801,2
6156801,12
6157001,1
6157101,1
6157101,2
6157301,2
6157301,3
6158501,2
6158701,19
6158901,19
6159001,2
6159001,3
6159201,1
6159201,2
6159501,1
6159701,2
6159701,12
6160101,12
6160301,0
6160302,0
6160501,0
6160801,2
6160901,1
6160901,2
6160901,12
6161001,0
6161101,0
6161301,2
6161301,3
6161301,6
6161901,19
6162301,1
6162301,2
6162301,12
6162501,21
6162701,4
6162701,19
6162901,2
6162901,3
6162901,12
6163501,0
6163901,2
6165001,2
6165001,12
6165201,0
6165301,2
6165301,4
6165301,19
6165701,0
6165801,0
6165901,0
6166101,2
6166101,19
6166201,1
6166201,12
6166201,19
6166401,0
6166501,10
6166801,0
6166802,0
6167001,4
6167001,9
6167401,7
6168001,2
6168201,19
6168401,2
6168401,19
6169501,2
6170701,2
6170701,19
6171101,0
6171301,13
6171301,19
6171801,6
6171901,2
6172201,2
6172301,10
6172301,14
6172701,21
6172901,1
6172901,12
6172901,19
6173401,2
6173901,0
6174001,2
6174001,6
6174001,12
6174001,19
6174002,2
6174002,6
6174002,12
6174002,19
6174003,2
6174003,12
6174003,19
6174401,2
6174401,12
6174601,0
6174701,99
6175501,2
6175801,0
6176301,3
6176501,2
6176801,2
6176801,19
6177001,1
6177001,3
6177001,12
6177201,2
6177801,0
6178101,2
6179001,0
6179101,2
6179201,0
6179801,1
6179801,2
6179901,2
6179901,19
6179902,2
6179902,19
6180201,2
6180701,2
6180801,2
6180801,3
6180801,19
6180901,3
6181001,1
6181001,2
6181501,2
6181501,19
6181701,0
6181801,1
6181801,2
6181801,12
6181801,19
6182001,99
6182401,2
6182601,1
6182601,3
6183001,2
6183001,19
6183101,2
6183201,0
6183301,2
6183301,12
6183401,2
6183401,3
6183401,12
6183801,1
6183801,2
6183801,6
6183901,99
6184001,2
6184201,6
6184201,10
6184201,14
6185001,12
6185201,0
6185301,2
6185701,2
6185701,12
6185901,9
6186001,0
6186401,1
6186401,3
6186701,0
6186702,0
6187401,2
6187401,6
6187401,12
6188701,0
6188801,12
6189101,0
6189201,3
6189401,0
6189601,2
6189901,2
6189901,19
6191001,2
6191101,0
6191501,4
6191501,19
6192201,2
6192201,12
6192601,12
6192601,19
6192701,0
6192801,2
6192801,19
6193401,2
6193501,3
6193601,0
6194001,1
6194001,2
6195101,14
6195201,0
6195301,2
6195601,0
6195801,2
6195801,19
6197401,2
6197501,0
6197601,2
6197601,12
6197701,2
6197701,12
6197901,2
6198001,2
6198001,3
6198301,99
6198401,0
6199101,1
6199101,2
6199101,3
6199601,2
6199601,19
6200001,1
6200001,2
6200401,0
6200501,2
6200501,3
6200501,9
6200601,2
6200901,21
6200902,21
6201001,0
6201201,2
6201201,9
6201201,10
6201201,13
6201201,14
6201501,0
6201701,2
6202301,2
6202301,12
6202901,21
6202902,0
6203301,0
6203302,0
6203601,13
6203701,14
6203901,0
6203902,0
6203903,0
6204101,1
6204101,2
6204101,12
6204401,2
6204401,3
6205301,21
6205601,2
6205601,12
6205601,19
6205801,7
6206101,21
6206401,1
6206401,2
6206901,2
6206901,19
6207101,2
6207101,9
6207101,13
6207101,14
6207301,9
6207501,2
6207501,12
6207501,19
6208001,0
6208201,99
6208301,12
6208401,2
6208501,12
6208601,2
6208801,2
6209801,2
6210001,2
6210001,12
6210501,0
6211101,2
6211101,3
6211101,12
6211501,0
6211701,2
6211801,0
6212001,2
6212001,19
6212201,0
6212401,0
6213001,21
6213801,2
6213801,3
6214001,12
6214301,2
6214401,99
6214501,2
6214501,12
6214901,2
6215001,2
6215301,3
6215301,19
6215601,99
6215701,2
6215701,12
6215901,2
6216101,0
6216501,0
6216502,0
6216601,1
6216601,12
6216701,0
6216801,2
6217301,0
6217701,2
6217701,12
6217701,19
6217801,2
6217901,99
6219401,2
6219501,1
6219501,12
6219801,12
6220201,2
6221001,1
6221001,2
6221001,3
6221001,12
6222101,0
6222102,0
6222301,2
6222301,12
6222401,2
6222401,13
6222501,2
6222501,12
6222501,19
6222601,1
6222601,2
6222601,19
6222801,4
6223001,2
6223501,2
6224401,0
6224701,2
6224801,2
6224802,2
6224901,2
6224901,9
6225001,0
6225101,0
6225301,0
6225701,3
6225901,2
6226001,2
6226001,12
6226101,99
6226201,2
6226501,0
6227601,0
6227801,0
6228201,2
6228401,99
6228601,0
6228602,0
6228701,2
6228901,2
6228901,3
6228901,19
6229101,21
6229301,0
6229302,0
6229901,3
6230201,2
6230201,9
6230301,6
6230501,0
6230601,0
6230801,0
6231601,4
6232001,2
6232201,2
6232201,19
6232301,5
6232501,2
6232601,2
6232601,3
6233201,3
6233501,98
6233601,0
6233701,16
6234101,2
6234101,3
6234101,12
6234101,19
6234501,4
6234601,1
6234601,2
6234601,12
6235001,2
6235001,19
6235101,13
6235501,2
6235501,12
6235701,2
6235701,19
6235801,0
6236001,4
6236101,0
6236201,2
6236201,12
6236201,19
6236701,7
6236901,3
6236901,19
6237301,0
6237601,2
6238201,1
6238201,2
6238401,0
6238601,19
6238701,4
6238801,2
6239201,2
6239201,12
6239301,2
6239401,10
6240201,12
6240301,2
6240301,19
6240401,0
6240501,4
6240501,19
6240601,2
6240601,12
6241101,0
6241201,1
6241201,2
6241201,12
6241401,2
6241401,19
6241701,1
6241701,2
6241701,12
6241801,2
6241801,12
6241802,2
6241802,12
6241901,2
6241901,19
6241902,2
6241902,19
6242001,2
6242001,12
6242401,0
6242901,2
6242901,12
6242901,19
6243201,12
6243301,2
6243301,12
6243601,99
6243901,0
6244401,12
6244701,99
6244901,2
6245401,0
6246001,0
6246501,12
6246601,0
6246701,2
6246701,3
6246801,2
6246801,3
6247201,1
6247301,2
6247301,19
6247401,1
6247401,2
6247501,10
6247601,1
6247601,2
6247701,2
6247701,19
6248201,16
6248301,7
6248901,2
6248901,3
6249301,1
6249401,6
6249401,9
6249801,0
6250201,0
6250202,0
6250203,0
6250204,0
6250301,3
6250701,1
6250701,12
6250801,0
6250901,2
6251101,2
6251201,2
6252601,2
6252601,12
6252601,19
6252801,4
6253301,99
6253401,6
6254101,0
6254601,0
6255101,2
6255101,12
6255201,0
6255401,0
6255501,2
6255501,3
6255501,6
6255601,0
6255701,0
6255702,0
6255703,0
6255801,12
6255901,3
6255901,12
6256401,4
6256901,1
6257201,5
6257202,5
6257301,99
6257401,0
6257402,0
6257501,2
6257601,0
6258001,98
6258301,0
6259001,98
6259101,1
6259301,98
6259901,12
6260201,4
6260501,2
6260701,0
6260801,19
6261001,1
6261001,2
6261001,12
6261301,99
6261401,99
6261701,1
6261701,2
6262001,0
6262101,3
6262701,2
6262701,12
6263101,0
6263601,0
6263602,0
6263901,2
6263901,19
6264001,0
6264201,0
8000101,2
8000101,19
8001001,0
8001201,3
8001201,19
8001901,12
8002201,12
8002201,19
8002401,12
8002401,19
8003701,3
8003701,19
8004101,21
8004102,21
8004601,12
8005901,0
8006201,0
8006301,12
8006301,19
8006501,2
8007101,0
8007102,0
8007103,0
8008001,12
8008001,19
8008201,19
8008201,21
8009201,0
8009202,0
8009901,21
8010001,14
8010001,19
8010101,1
8010501,17
8011301,12
8011901,0
8012601,21
8014401,21
8014402,21
8014601,0
8014701,0
8015301,12
8015301,19
8016401,12
8017301,12
8017901,0
8017902,0
8017903,0
8018201,0
8018202,0
8018501,2
8018501,9
8020001,0
8020002,0
8020101,1
8020101,12
8020101,19
8020201,12
8020201,19
8020701,12
8020701,19
8021401,1
8021401,12
8021601,1
8021601,2
8021601,3
8021601,9
8021801,0
8022401,12
8022401,19
8022801,0
8024401,1
8025501,2
8025501,12
8025501,19
8026001,2
8026001,12
8026201,0
8026301,21
8026302,21
8026701,2
8027101,3
8027401,12
8027401,19
8027601,3
8027801,5
8028101,12
8028101,19
8028401,0
8029701,12
8029701,19
8030201,0
8030601,3
8031601,12
8031601,19
8031801,12
8034801,4
8034801,19
8034901,12
8034901,19
8035001,21
8035201,1
8035201,3
8035201,19
8035301,4
8035301,19
8035601,0
8035801,2
8036201,0
8036202,0
8036203,0
8036901,2
8036901,19
8037001,21
8037101,12
8038201,2
8038401,0
8038402,0
8038701,8
8039501,2
8039501,19
8039801,21
8039802,21
8039803,21
8040301,0
8040302,0
8040401,3
8040401,12
8040401,19
8040701,12
8040801,12
8041401,12
8041401,19
8041801,12
8041801,19
8042701,3
8042801,1
8042801,12
8042801,19
8043001,2
8043001,7
8043401,21
8043601,0
9000401,3
9000401,19
9001301,1
9001301,2
9001301,12
9001601,1
9002001,1
9002001,19
9002901,98
9004601,1
9004601,3
9004801,0
9004802,0
9005201,1
9005201,3
9005701,1
9005701,2
9006201,4
9007301,1
9007301,2
9007501,1
9007501,12
9008101,4
9008301,0
9009201,0
9009801,6
9010901,1
9010901,2
9011001,99
9011301,99
9012001,1
9012701,99
9013101,0
9013301,1
9013301,19
9013401,21
9014101,9
9014501,0
9014701,4
9015801,0
9015901,4
9016901,98
9018101,1
9018101,2
9018101,19
9019001,12
9019002,12
9019201,98
9019601,98
9019701,0
9019702,99
9019703,99
9020101,3
9020401,99
9021001,4
9021101,98
9021201,4
9022101,99
9022201,99
10000101,4
10000501,0
10000601,1
10000801,4
10001401,1
10001801,0
10002501,4
10003001,0
10003101,0
10003401,2
10003701,9
10004201,0
10004301,0
10004401,0
10004601,2
10004601,12
10004601,19
10005101,0
10005601,1
10006001,1
10006002,1
10006601,1
10006601,2
10006701,0
10006702,0
10007301,9
10007302,9
10007801,2
10008501,1
10008601,1
10008901,4
10009401,2
10009501,1
10009501,2
10009601,1
10009601,2
10009701,1
10010001,0
10010101,1
10010701,1
11000301,1
11000301,12
11000301,19
11000501,6
11000701,0
11000901,4
11001101,0
11001301,99
11001401,12
12000501,0
12000601,0
12000901,1
12001301,2
12001501,7
12001901,1
12002201,1
12002301,4
12002501,0
12003301,2
12003601,2
12003701,2
12004101,2
12004501,2
12004701,0
12004801,0
12005101,2
12005201,0
12005202,0
12005401,2
12006201,0
12006401,4
12006901,4
12007001,5
12007401,2
12007901,2
12008201,0
12008801,1
12009001,4
12009101,2
12009201,2
12009601,4
12009602,4
12010401,4
12011901,2
12012201,99
12012501,0
12012601,19
12012602,19
12013201,4
12013301,2
12013901,19
12014501,4
12014701,0
12014801,21
12014901,2
12015101,2
12016001,2
12016301,4
12017101,4
12017101,9
12017501,3
12017701,2
12019001,2
12019001,3
12019001,6
12019201,2
12019201,3
12019301,0
12019302,0
12019303,0
12019401,2
12019501,0
12019801,19
12020001,4
12020101,9
12020301,19
12021001,4
12021002,4
12021003,4
12021201,4
12021901,0
12022101,2
12022701,4
12023601,19
12024501,99
12024601,2
12024701,4
12024801,4
12025101,2
12025101,19
12025301,2
12025501,4
12025601,0
12026001,2
12026201,0
12026401,19
12026501,1
12026501,2
12026502,1
12026503,1
12026601,6
12026801,1
12026801,4
12027001,98
12027601,2
12027701,4
12028801,0
12029301,2
12030201,9
12030501,21
12031101,1
12031601,99
12031901,2
12032001,19
12032101,2
12032201,1
12032201,2
12032401,0
12032501,2
12032502,2
12033001,99
12033002,99
12033101,1
12033101,3
12033201,2
12033201,19
12033401,0
12033701,4
12033801,0
12034101,4
12034101,19
12034301,2
12034501,99
12034801,12
12034802,12
12036201,3
12036901,4
12037101,4
12037101,9
12037401,2
12038001,1
12038801,2
12038801,3
12039401,2
12040401,4
12040501,1
12040801,2
12040901,0
12040902,0
12041801,3
12041901,2
12042301,9
12042301,19
12042601,99
12042701,2
12042701,3
12043101,0
12043102,0
12043301,6
12043501,2
12048101,0
12048601,2
12049201,0
12049401,99
12050301,99
12050501,0
12051001,7
12051701,2
12051801,0
12051802,0
12052001,2
12053001,2
12053201,0
12054001,99
12054801,2
12054901,3
12055401,0
12055501,99
12055601,99
12056301,0
12056401,1
12056701,21
12058001,0
12058201,0
12058301,19
12058801,2
12058901,1
12059101,0
12059102,0
12059201,2
12059201,19
12059202,2
12059202,19
12059801,0
12059802,0
12060001,1
12060001,2
12060201,9
12060202,9
12060601,0
12062501,4
12062901,2
12063101,6
12063102,6
12063301,2
12063501,2
12063601,4
12063901,12
12064001,19
12064002,19
12064601,4
12065301,4
12065301,19
12065401,19
12065601,99
12065701,1
12065801,1
12065801,2
12065901,0
12066401,1
12066402,1
12066601,2
12067701,9
12067701,15
12067801,2
12067901,16
12068101,0
12068201,2
12068601,4
12068701,0
12069001,0
12069101,2
12069101,19
12069201,2
12069701,0
12070001,2
12070101,2
12070201,2
12070301,0
12071001,12
12071501,0
12071901,1
12071901,4
12072101,4
12072901,99
12073801,4
12075301,2
12076101,2
12076301,1
12076301,19
12077001,2
12077201,2
12077701,9
12077801,19
12077901,0
12078501,2
12079001,2
12079601,2
12079701,0
12079702,0
12079901,4
12080901,99
12081101,99
12081801,19
12082401,2
12082501,4
12082501,19
12083501,4
12083601,1
12083701,2
12083801,1
12083801,19
12084701,2
12084901,99
12085001,12
12085101,9
12085201,99
12085501,12
12085601,2
12085601,12
12085901,2
12085901,19
12086201,2
12086401,2
12086701,1
12086702,1
12088301,19
12089701,0
12090101,19
12090801,1
12090901,2
12091301,2
12091301,19
12092001,99
12092401,2
12092501,0
12092502,0
12093001,1
12093601,2
12094201,2
12094201,19
12094301,0
12094401,9
12094401,19
12094501,2
12094601,4
12094601,19
12094701,2
12094702,2
12094801,4
12095001,1
12095001,2
12095101,4
12095401,2
12096101,4
12096901,6
12096901,19
12097101,0
12100601,1
12100701,4
12101701,2
12102001,2
12102901,4
12103301,4
12103501,99
12105401,1
12105401,2
12106501,0
12106502,0
12106503,0
12106504,0
12106601,0
12106602,0
12107001,4
12107701,0
12107702,0
12107801,99
12107901,2
12108201,0
12108301,0
12108601,4
12108701,2
12108801,4
12109501,0
12110001,2
12110101,9
12110101,19
12110102,9
12112301,2
12112401,4
12112402,4
12112501,3
12112601,99
12113001,0
12113701,1
12113701,12
12113901,2
12115301,1
12115301,2
12116201,2
12116301,1
12116401,4
12117001,2
12118201,9
12118201,19
12118301,4
12118701,1
12118901,0
12119901,2
12121601,19
12121801,0
12122101,2
12122201,99
12122301,0
12122401,4
12123101,2
12123701,2
12124001,0
12124002,0
12124401,2
12124601,99
12124701,0
12125301,2
12125501,2
12126101,99
12126401,1
12126501,2
12126701,2
12127001,99
12127701,99
12127801,0
12127901,3
12128001,0
12128201,2
12128201,3
12128901,12
12129301,98
12129401,4
12129401,19
12130101,2
12130401,1
12130801,0
12130901,2
12131101,12
12131101,19
12131201,2
12131601,2
12132001,2
12132101,19
12132401,0
12132402,0
12132701,99
12132801,98
12133401,4
12134401,2
12134801,1
12135101,99
12135201,2
12135501,99
12135701,2
12136701,0
12137001,4
12137101,0
12137501,99
12138401,1
12138501,12
12138801,0
12139801,12
12140501,12
12140901,19
12141001,4
12141301,4
12141901,1
12142001,1
12142201,99
12142301,0
12142801,4
12144101,2
12144501,2
12145301,4
12145601,0
12145701,19
12145901,21
12146001,4
12146501,4
12146701,9
12146702,9
12147201,99
12147501,2
12147801,2
12147801,19
12147901,0
12148301,0
12148501,0
12148801,2
12149101,99
12149601,1
12149801,2
12149901,2
12150101,99
12150601,2
12151301,4
12152101,4
12152701,0
12152702,0
12154001,19
12155101,99
12155601,2
12155601,19
12156101,2
12156301,1
12156301,2
12156401,2
12156801,2
12157101,0
12157102,0
12157103,0
12157104,0
12157105,0
12157501,0
12157701,19
12157801,2
12158101,99
12158201,98
12158401,2
12158401,3
12158601,0
12159501,2
12159601,4
12160001,2
12160701,0
12161201,2
12163301,2
12163701,19
12165001,4
12165301,4
12165401,2
12165401,3
12165501,19
12166001,0
12166101,19
12166201,4
12166401,2
12166801,0
12167201,2
12167301,99
12167401,99
12169201,2
12170301,4
12170401,2
12170501,0
12170502,0
12171201,0
12171501,4
12171601,4
12171602,4
12171701,2
12172001,1
12172001,2
12172401,99
12173601,4
12173602,4
12174101,0
12174201,0
12174301,99
12174601,2
12174701,2
12174901,12
12175101,3
12175201,0
12175501,4
12175501,9
12175701,2
12175801,19
12176101,21
12176201,4
12176401,2
12176701,12
12177001,99
12177101,99
12177201,3
12177201,19
12178301,2
12178302,2
12178302,19
12178801,2
12179201,2
12179601,99
12179701,21
12180001,4
12180001,19
12180101,12
12181401,1
12181401,2
12181501,99
12182101,2
12182901,2
12183101,2
12183101,3
12183201,4
12183401,2
12183801,2
12183901,2
12184401,4
12184501,4
12184801,4
12184801,19
12186001,2
12186001,19
12187001,0
12187301,2
12187901,4
12188601,2
12188801,1
12188901,19
12189801,2
12190101,1
12190201,4
12190301,2
12190601,4
12190801,4
12191001,0
12191101,99
12192301,4
12193201,4
12193501,12
12194201,2
12194301,4
12194801,0
12195001,99
12195301,1
12195401,21
12195501,2
12195901,0
12196101,1
12197101,1
12197301,0
12197801,1
12197901,12
12198301,1
12198701,6
12198702,6
12199301,2
12199601,2
12200101,2
12200201,1
12200401,2
12200501,1
12200601,2
12200901,12
12201601,4
12202101,7
12202201,2
12202701,2
12202801,2
12203201,2
12203901,2
12203902,0
12204101,4
12204101,19
12204201,2
12204301,99
12204401,3
12204801,2
12205201,4
12205701,1
12206101,4
12206901,2
12207401,2
12207501,2
12208401,2
12208401,19
12209701,4
12210201,4
12210301,0
12210401,19
12210501,2
12210601,4
12210801,5
12211601,1
12212101,2
12212501,0
12212601,19
12213401,0
12214501,12
12214701,0
12215301,2
12215301,19
12215401,2
12215701,0
12215801,4
12216301,2
12216501,0
12216601,3
12216801,4
12217301,2
12217301,19
12218001,2
12218101,99
12218201,2
12218301,4
12218701,2
12219101,12
12219501,2
12219701,2
12219701,6
12219801,98
12220501,0
12220701,0
12220801,0
12220802,0
12221001,98
12221101,1
12221101,2
12221501,2
12222001,0
12222301,99
12222501,4
12222901,2
12223701,12
12223801,4
12224101,4
12224201,3
12224401,0
12225101,2
12225201,12
12225501,0
12225701,0
12225801,2
12225801,3
12226101,3
12226201,0
12226401,4
12226401,19
12226501,0
12226601,1
12226602,1
12227601,3
12227601,9
12227901,4
12227901,6
12228101,2
12228301,99
12228401,99
12228501,1
12228501,2
12228701,4
12228801,0
12228802,0
12228803,0
12228804,0
12228805,0
12229101,3
12229201,2
12229201,9
12229301,2
12229401,12
12230101,2
12230101,3
12230401,2
12230601,1
12230801,1
12231001,12
12231201,0
12231801,2
12233201,0
12233301,4
12233401,4
12233401,19
12233501,1
12233901,4
12234301,3
12234601,2
12234601,4
12234701,2
12234701,3
12234801,3
12234901,2
12234901,12
12235001,12
12235301,2
12235301,15
12235401,0
12235501,19
12235701,2
12235701,3
13001901,4
13001901,9
13002101,4
13002101,19
13002801,4
13002801,21
13003201,4
13003701,2
13003701,12
13003701,19
13004201,1
13004201,2
13004201,12
13004301,2
13004301,12
13004301,19
13004401,21
13004402,21
13004403,21
13005001,1
13005601,1
13006101,12
13006201,99
13006301,1
13006301,2
13006301,12
13006701,0
13007101,21
13007102,21
13007301,4
13007501,0
13007502,0
13007701,99
13007901,12
13010601,4
13011001,4
13013101,99
13013301,1
13013301,12
13013401,21
13013801,12
13014101,12
13014401,1
13014801,12
13015001,12
13015701,6
13016301,4
13016701,4
13017801,14
13017801,19
13018301,1
13018301,12
13020101,4
13020101,5
13020401,5
13021201,4
13021201,19
13021501,1
13021501,2
13023201,98
13023701,2
13024801,4
13025301,0
13026201,1
13027101,2
13027101,12
13027901,4
13027901,5
13027901,6
13030801,2
13030801,12
13032801,12
13033501,4
13033801,1
13033801,12
13034901,21
13035101,4
13035501,12
13035701,12
13035901,12
13036401,0
13037501,1
13037501,2
13037501,12
13037502,1
13037502,2
13037502,12
13038201,2
13038201,12
13039901,1
13039901,2
13039901,12
13040001,2
13040001,12
13040401,2
13040401,12
13041401,2
13041801,4
13041901,12
13041901,21
13044401,9
13045201,2
13045201,12
13046601,2
13046601,12
13049301,1
13049301,3
13049301,12
13050801,1
13051101,0
13053201,12
13054001,21
13054002,21
13054003,21
13054101,12
13054701,1
13055901,2
13055901,12
13056401,4
13058301,1
13058301,12
13058301,19
13058501,4
13059201,99
13059301,2
13059301,12
13059301,19
13059601,0
13059701,2
13059701,12
13059701,19
13059901,1
13059901,2
13060101,0
13060102,0
13060103,0
13060601,2
13060601,12
13060701,21
13061601,0
13062601,99
13062701,12
13062901,0
13063201,0
13063202,0
13063203,0
13066001,0
13066801,2
13066801,4
13066801,12
13068301,4
13068301,19
13068302,4
13068302,19
13068501,2
13068501,4
13068501,19
13069101,4
13069401,4
13070201,0
13070301,21
13071301,0
13071302,0
13073401,12
13074201,2
13074201,12
13076401,1
13076401,2
13076401,12
13077001,1
13077001,2
13077001,12
13077101,2
13077101,12
13077701,0
13078001,2
13078001,3
13078001,12
13079501,4
13081001,4
13081401,12
13082701,2
13082701,12
13082701,19
13083101,1
13083801,19
13084001,2
13084001,12
13084701,19
13085201,2
13085201,3
13085301,9
13085301,19
13086401,4
13086501,1
13086501,2
13086501,12
13086701,5
13087101,3
13087301,2
13088101,12
13088301,12
13088601,1
13090101,0
13090401,12
13090501,12
13090601,12
13090801,1
13092401,4
13092401,19
13093201,12
13093201,19
13093301,0
13093501,1
13093501,12
13093501,19
13095001,4
13095101,2
13095101,12
13095201,0
13095401,2
13095401,4
13095601,2
13095601,12
13095601,19
13095701,1
13096001,0
13096002,0
13096901,2
13096901,12
13097001,1
13097001,12
13097001,19
13097201,4
13097201,9
13097201,19
13097401,2
13097401,12
13097901,2
13097901,12
13098001,2
13098001,12
13099401,12
13099601,0
13099801,1
13100201,4
13100201,19
13100301,1
13102201,12
13102301,4
13102501,98
13102801,4
13103101,2
13103301,2
13103401,12
13103601,1
13104401,4
13104401,9
13104401,19
13105001,4
13105001,9
13105001,19
13105601,2
13105601,12
13105701,1
13105701,2
13105701,12
13105901,4
13106001,4
13106001,19
13106601,2
13106601,12
13107401,2
13107401,12
13107701,4
13107701,19
13108101,4
13108101,19
13108201,9
13108201,19
13108601,4
13109001,12
13109301,1
13109301,12
13109302,12
13109501,1
13109501,12
13109701,1
13109701,12
13110201,12
13110601,12
13110701,4
13110801,12
13110901,99
13111101,4
13112501,4
13112901,1
13113001,9
15000101,6
15000101,12
15000101,19
15000301,0
15001201,21
15001501,2
15001501,3
15001501,6
15002001,1
15002401,12
15003001,0
15003002,0
15003003,0
15003004,0
15003005,0
15003501,0
15004701,99
15004901,1
15004901,4
15004901,12
15004901,19
15004902,1
15004902,4
15004902,12
15004902,19
15005101,1
15005401,98
15005801,0
15006201,0
15006801,1
15007301,0
15007601,0
15007701,0
15007801,0
15007901,12
15008001,98
15008401,1
15008401,2
15008401,12
15008801,99
15009801,0
15010001,0
15010002,0
15010301,4
15010801,0
15010802,0
15011001,12
16000101,2
16000101,4
16002401,21
16002501,1
16002501,18
16002701,2
16002701,4
16005301,1
16008001,4
16008101,2
16008201,5
16008801,0
16009201,1
16012201,12
16012801,19
16014101,3
16014701,12
16015001,4
16015001,19
17001101,0
17002001,12
17003201,1
17004301,4
17004301,19
17004901,4
17005401,2
17005601,4
17006001,1
17007301,1
17007302,1
17007701,1
17008101,0
17008401,1
17008801,1
17009101,0
17009401,0
17010001,1
17010301,19
17010701,1
17010701,19
17010901,0
17011201,1
17012401,1
17013401,4
17013501,4
17013701,1
17013801,0
17015601,0
17015701,0
17016101,4
17016301,7
17016801,2
17017001,0
17017501,2
17018901,5
17019301,4
17019701,0
17019801,1
17019901,2
17022801,1
17023001,0
17024601,2
17024901,0
17025001,15
17028601,0
17028602,0
17028603,0
17028604,0
17028901,0
17030601,0
17031001,2
17031701,2
17031801,2
17033201,1
17033301,2
17033801,2
17035101,2
17035301,0
17035302,0
17035701,0
17036501,98
17036601,2
17038501,0
17038502,0
17038601,0
17039001,0
17039801,1
17040601,1
17040901,4
17041501,0
17041502,0
17042501,2
17043601,1
17044901,21
17045601,2
17046701,1
17047401,0
17047801,2
17047901,9
17047901,19
17048901,2
17049301,0
17050001,1
17051401,4
17052001,0
17053601,2
17054801,0
17054901,0
17056201,1
17056301,2
17056501,0
17056701,1
17057101,99
17057801,1
17057801,12
17058101,12
17059701,0
17059702,0
17059703,0
17059704,0
17060201,2
17060301,12
17062001,0
17062601,1
17062601,12
17062701,1
17062701,2
17062701,3
17062801,17
17063501,21
17063601,99
17063801,0
17064101,1
17064101,12
17064201,1
17064301,0
17066001,9
17066201,2
17066401,0
17066601,2
17066601,12
17067001,13
17067001,19
17067101,2
17067101,17
17067701,12
17067901,2
17068201,0
17069401,2
17069401,12
17069901,2
17070001,12
17070701,0
17070901,12
17072901,12
17073401,2
17074001,2
17074101,0
17074301,0
17074601,4
17074801,12
17075101,2
17075101,3
17076001,19
17076101,7
17076301,1
17076401,1
17076401,2
17076401,3
17076801,0
17077101,98
17077201,6
17077701,0
17077801,2
17077901,2
17078301,2
17078301,12
17078401,2
17079501,7
17079801,1
17079801,12
17080401,2
17080501,0
17080801,4
17081301,0
17081501,12
17082101,2
17082101,12
17082801,99
17083001,99
17083101,0
17083501,99
17083701,1
17083701,2
17083801,0
17083901,98
17084401,21
17084501,0
17084601,0
17084602,0
17085001,99
17086201,1
17086201,2
17086501,12
17086701,0
17086702,0
17087101,1
17087101,2
17087101,3
17088501,1
17088901,4
17088901,19
17090401,0
17090501,1
17090501,2
17091401,0
17091701,1
17091701,2
17092101,99
17092401,99
17092501,1
17092501,12
17092502,1
17092502,12
17092601,3
17092701,0
17092901,7
17093001,3
17093101,0
18000101,4
18000101,19
18001501,1
18003601,2
18004501,12
18004801,7
18007101,0
18007301,0
18007302,0
18007601,0
18007901,19
18008401,1
18008401,2
18008401,19
18008501,2
18008601,9
18008601,13
18008801,19
18009301,12
18009302,12
18010801,0
18010802,0
18010803,0
18010804,0
18015601,19
18015701,2
18016901,2
18016901,12
18017601,21
18018201,1
18019601,4
18020101,0
18020102,0
18020103,0
18020104,0
18020105,0
18020106,0
18020501,2
18020801,2
18021401,19
18021901,0
18022901,0
18025601,16
18025801,1
18027101,0
18027102,0
18028601,12
18028801,2
18028801,12
18028901,0
18031201,2
18032701,1
18032701,2
18032801,0
18033801,0
18037501,7
18037502,7
18037503,7
18037504,7
18038501,0
18041101,12
18042101,0
18045201,2
18046301,2
18047201,0
18048501,2
18048601,2
18048801,0
18048901,0
18049601,2
18049901,2
18049901,12
18050901,2
18051701,1
18051701,6
18051701,19
18052401,0
18053001,1
18054701,4
18055501,99
18055801,0
18055901,21
18057401,0
18057701,1
18057701,12
18057702,1
18057702,12
18058301,1
18058301,3
18058901,12
18060501,0
18061701,4
18064101,4
18065401,0
18065701,0
18065801,2
18066101,2
18067301,0
18067601,2
18067601,19
18067701,0
18067702,0
18068501,4
18069601,0
18069602,0
18070801,0
18071401,0
18071801,0
18072101,2
18072401,0
18072402,0
18074101,0
19003401,0
19004401,2
19005101,0
19005701,0
19008401,0
19008801,99
19009501,2
19012101,0
19012201,0
19018701,0
19018801,4
19020401,4
19020601,0
19020801,21
19020802,21
19020803,21
19021101,0
19021901,0
19023501,0
19025301,1
19025901,2
19026601,0
19027501,0
19032001,0
19033101,0
20000101,1
20000201,12
20000202,12
20002601,0
20002901,21
20003001,1
20003001,3
20003001,12
20003101,0
20004501,2
20004501,4
20004501,6
20004601,0
20004701,2
20004701,6
20004701,12
20004702,2
20004702,6
20004702,12
20007901,0
20008101,1
20008601,3
20008601,9
20009801,3
20012101,0
20013701,21
20013801,21
20015601,21
20016301,2
20018601,4
20020101,0
20021801,1
20027101,2
20027101,3
20027102,2
20027102,3
20027601,0
20028501,0
20028502,21
20029201,21
20029801,12
20031001,6
20031101,99
20032001,4
20032501,3
20032501,16
20032601,2
20032601,6
20033001,0
20033101,4
20033601,2
20034401,2
21000401,4
21001301,0
21002001,19
21002301,1
21002301,2
21002301,6
21003101,4
21003101,19
21007101,0
21007501,0
21007502,0
21007901,0
21008801,4
21011301,1
21011901,4
21011901,19
21012601,19
21014901,0
21015901,1
21016101,4
21016701,0
21017001,0
21017002,0
21017003,0
21018101,1
21022801,4
21023201,1
21023201,12
21023201,19
21024301,3
21027101,21
21027401,1
21028301,2
21028501,19
21029601,4
21032401,2
21032402,2
21032403,2
21033501,12
21033601,4
21034401,2
21034401,3
21034501,0
21035901,0
21037901,21
21038001,0
21038601,4
21038601,19
21040101,19
21042501,5
21042801,0
21043801,1
21044301,4
21044801,0
21045301,1
21045701,2
21047701,4
21047701,19
21047701,21
21048201,0
21048901,0
21049301,19
21052601,4
21052602,4
21054201,1
21054601,1
21054601,2
21054601,12
21054701,5
21055801,98
21060201,2
21060201,3
21060201,19
21061801,2
21061801,3
21062101,98
21063701,19
21064501,4
21064801,12
21064801,19
21065501,19
21066001,4
21066001,19
21066401,19
22000901,1
22001501,0
22001901,1
22003201,4
22003201,19
22004301,4
22004301,19
22004901,0
22005401,1
22005601,0
22006001,0
22006101,0
22006102,13
22006301,19
22006401,4
22006801,5
22006901,0
22007101,0
22007301,19
22008101,4
22009001,9
22009101,2
22009101,19
22009601,4
22009601,19
22010701,6
22011301,6
22011701,6
22012501,1
22012501,12
22012501,19
22013001,0
22013701,0
22015301,19
22015401,19
22015601,19
22016201,19
22016701,21
22017101,2
22017201,0
22018301,0
22018501,9
22019201,4
22019201,6
22019201,19
22019601,21
22019701,4
22019701,19
22019901,0
22020801,19
22021501,4
22021501,19
22022301,6
22022301,19
22022601,19
22022701,19
22023201,1
22023501,19
22023601,1
22023601,2
22023601,6
22023601,12
22023601,19
22023801,9
22023801,19
22024001,9
22024001,19
22024901,3
22024901,6
22025201,0
22025301,99
22025401,0
22025601,19
22025601,21
22025701,2
22025701,12
22027901,2
22027901,19
22027902,2
22027902,19
22029001,2
22029001,6
22029001,19
22029301,2
22029301,3
22029501,1
22029601,19
22029601,21
22030401,0
22030701,14
22030701,19
22031301,4
22031301,19
22031401,99
22032401,13
22032401,14
22032401,19
22032601,9
22032601,13
22032601,14
22033501,1
22033501,6
22033701,19
22034001,0
22034501,99
22034601,4
22035001,1
22035001,2
22035201,19
22035201,21
22036001,99
22036101,1
22036101,19
22036201,9
22036201,19
22036301,0
22036901,1
22036901,6
22036901,19
22037401,9
22037401,19
22038001,0
22038101,2
22038101,12
22038901,2
22038901,19
22039001,9
22039001,19
22039002,9
22039002,19
22039201,0
22040001,2
22040001,3
22040001,13
22040301,1
22040501,2
22040501,3
22040501,19
22041201,99
22042001,6
22042101,14
22042101,19
22042401,9
22042401,19
22042901,2
22043201,21
22043202,21
22044001,2
22044001,19
22044301,9
22044301,14
22044301,19
22044601,1
22044801,21
22045201,4
22045201,19
22045801,9
22045801,19
22046901,0
22047201,17
22047201,19
22047401,98
22047801,6
22047801,9
22047801,19
22048001,2
22048001,3
22048101,19
22048201,9
22048201,19
22048301,4
22048401,4
22048701,98
22048901,99
22049101,6
22049201,0
22049501,2
22049501,12
22049701,2
22049701,19
22049701,21
22051101,2
22051101,6
22051101,12
22051201,2
22051201,6
22051301,4
22051301,19
22051501,19
22051501,21
22052301,6
22052301,7
22052301,19
22052801,16
22052801,19
22053101,13
22053101,19
22053501,9
22053501,19
22053901,2
22053901,6
22053901,12
22054001,2
22054001,12
22054201,9
22054201,19
22054401,2
22054401,6
22054401,12
22054701,4
22054701,19
22054701,21
22055301,2
22055301,19
22055501,6
22055501,12
22055501,19
22055701,19
22057001,19
22057501,1
22057501,6
22058601,99
22058701,99
22059001,1
22059001,19
22059401,4
22059401,19
22059701,1
22059701,12
22060401,0
22060601,9
22060601,14
22061001,1
22061001,2
22061001,12
22061701,4
22061701,6
22061701,19
22062701,2
22063801,99
22064001,0
22064201,1
22064201,19
22065001,0
23002501,0
23005301,99
23007001,99
23008101,1
23008901,4
23011001,4
23011001,21
23011201,0
23013401,3
23013401,19
23014401,0
23015101,4
24000101,2
24000101,12
24000101,19
24000201,21
24001001,21
24001002,4
24001101,4
24001201,4
24001201,19
24001301,2
24001301,4
24001301,19
24002201,4
24002202,4
24002401,19
24003201,98
24003701,2
24004001,2
24004001,19
24004201,19
24004501,2
24004601,98
24004901,2
24005201,2
24005201,19
24007701,1
24007701,19
24008601,99
24009201,2
24009201,12
24009401,4
24011401,0
24012201,1
24012201,2
24012401,2
24012801,98
24013801,4
24013801,19
24013901,4
24013901,19
24014401,4
24014401,19
24014801,0
24015201,2
24015401,0
24016401,2
24016401,12
24016901,12
24016901,19
24017301,2
24017401,2
24017601,2
24017601,12
24017901,6
24018001,1
24018101,2
24018101,4
24018101,19
24018201,1
24018401,2
24018401,12
24018901,0
24019501,4
24020301,2
24020301,12
24020501,2
24020501,3
24020601,2
24020601,12
24021401,2
24021401,12
24021601,2
24021601,12
24021601,19
24021801,2
24022001,0
24022002,0
24022003,0
24022004,0
24022601,0
24023401,4
24024101,2
24024101,3
24024801,2
24024801,19
24024901,2
24025201,4
24025201,19
24025901,16
24026001,19
24026601,0
24026901,0
24027701,1
24027701,4
24029501,4
24029501,19
24029601,2
24029601,12
24030601,2
24030601,19
24031101,4
24031101,6
24031801,0
24032101,12
24032101,19
24033101,12
24033101,19
24034201,21
24035201,12
24035301,12
24035501,2
24035501,12
24037101,4
24037102,4
24037301,0
24037401,19
24037901,0
24038101,1
24038301,99
24038401,4
24038801,12
24038801,19
24038901,12
24039001,2
24039001,12
24039101,19
24039301,2
24039501,2
24039501,12
24039701,2
24039701,19
24039801,12
24040301,21
24040601,2
24040601,12
24040601,19
24040701,0
24040801,19
24041001,2
24041001,3
24041001,19
24041301,1
24041301,12
24041301,19
24042801,19
24042801,21
24042901,98
24043101,0
24043201,12
24043401,0
24043402,0
24043701,3
24043701,12
24044101,4
24045001,19
24045501,12
24045501,19
25001301,0
25001401,1
25001701,1
25001901,0
25002001,21
25002101,4
25002102,4
25002201,0
25002301,1
25002801,98
25003901,2
25004401,19
25004701,1
25004801,98
25005601,0
25005801,2
25005801,3
25006501,0
25006601,0
25007001,0
25007101,0
25007501,0
25007801,4
25007901,98
25008201,0
25008301,0
25008302,0
25008601,0
25008901,0
25009501,12
25009502,12
25010901,0
25012201,4
25012201,19
25014601,98
25015501,0
25016201,98
25016501,0
25016502,0
25017701,0
25017702,0
25017801,0
25018001,19
25018501,1
25018601,0
25018602,0
25018701,0
25018801,0
25018901,0
25019001,8
25019001,15
25019001,20
25019301,1
25019301,12
25019301,19
25019701,0
25020201,4
25020301,0
25021101,0
25022001,1
25022201,0
25022301,0
25023201,1
25024401,0
25025201,1
25025301,98
25025701,98
25025801,0
25025901,0
25026101,1
25026201,1
25026501,0
25026502,0
25026601,0
25026701,1
25027101,21
25027601,98
25027701,98
25027801,0
25027901,7
25027901,15
25027901,16
25028001,0
25028401,0
25028501,12
25028701,1
25028701,12
25030001,1
25030701,7
25030901,98
25031001,0
25031201,1
25031201,2
25031201,12
25031201,19
25031401,2
25031601,1
25031601,2
25031601,12
25032201,1
25032201,12
25032301,98
25032501,0
25032601,0
25033001,98
25033101,0
25033201,1
25033501,98
25033502,98
25033801,98
25033901,98
26000401,2
26000401,21
26000901,1
26000901,2
26000901,12
26001601,1
26001601,12
26001701,99
26002701,99
26003201,99
26003901,1
26004001,2
26004001,3
26004701,4
26004701,19
26005301,19
26005302,0
26005401,2
26005401,3
26005401,21
26005501,2
26005501,12
26005501,21
26005701,1
26005701,2
26005701,12
26006001,4
26006001,19
26006002,4
26006002,19
26006101,99
26006201,4
26007201,5
26008101,1
26008101,2
26008101,12
26008101,19
26008401,2
26008401,19
26008901,99
26009201,19
26010001,21
26010201,21
26010202,0
26011101,21
26011102,21
26011301,0
26012701,4
26013501,4
26013501,19
26017201,99
26018501,0
26019501,4
26019502,4
26020201,1
26021001,0
26022901,2
26022901,6
26023001,0
26024301,21
26025901,99
26026101,0
26026102,0
26026103,0
26026104,0
26027501,21
26028801,0
26029601,21
26029901,21
26030301,0
26030302,0
26030303,0
26030304,0
26030601,2
26031801,2
26031801,3
26032501,1
26032501,4
26034001,99
26034201,99
26035101,21
26035301,0
26037001,2
26037001,21
26037101,12
26038101,4
26038301,4
26038301,19
26038701,1
26038701,2
26038701,19
26039201,0
26039202,0
26039401,2
26039801,99
26040301,0
26040501,12
26040701,21
26040801,0
26040901,21
26041101,1
26041101,2
26041101,12
26041401,4
26041601,2
26042001,19
26042401,6
26042901,3
26042902,3
26043001,0
26043002,0
26043101,0
26043401,21
26044201,99
26044301,4
26044801,0
26045101,2
26045101,3
26046601,21
26047301,0
26047501,2
26047801,2
26047901,2
26048101,1
26048301,21
26048401,1
26050501,12
26054401,1
26054401,2
26054501,2
26054601,0
26055501,16
26055901,21
26056001,2
26058301,99
26058401,2
26058801,99
26059101,7
26060001,0
26061801,2
26062401,2
26062501,0
26063301,0
26064001,0
26064601,19
26064602,19
26064603,19
26064604,19
26065001,21
26065701,21
26067401,0
26067501,1
26067501,21
26067601,21
26067901,4
26068001,0
26068301,1
26068301,2
26068701,21
26068901,4
26069801,0
26070001,99
26070501,2
26070501,21
26070601,4
26070601,19
26070701,99
26071501,19
26071701,0
26071901,99
26073401,21
26073501,21
26073601,0
26073801,19
26074001,99
26074002,99
26074003,99
26074101,21
26074801,4
26074901,21
26075001,99
26075401,21
26076201,21
26076301,99
26076302,99
26076501,4
26076502,4
26076503,4
26077001,4
26077002,4
26077701,99
26077702,99
26077703,99
26078101,2
26078101,19
26078501,21
26079901,1
26079901,19
26080001,4
26080501,1
26080501,2
26080701,12
26080701,19
26080901,21
26081501,0
26082601,99
26083901,0
26084401,2
26085001,21
26086901,12
26087201,21
26087301,0
26087401,21
26087801,21
26087901,5
26088101,1
26088101,19
26088201,4
27000501,9
27000501,13
27001801,3
27002001,0
27002801,0
27002901,99
27003601,12
27005201,99
27006201,1
27006401,12
27006401,19
27007601,2
27007601,19
27008001,10
27009601,15
27010101,2
27010401,1
27010401,2
27010401,3
27011701,1
27011701,3
27011701,12
27012401,98
27013601,0
27013602,0
27015301,0
27017601,2
27017601,12
27017701,2
27017701,3
27019501,4
27019701,4
27019801,99
27021001,0
27021101,2
27021101,3
27021102,2
27021102,3
27021701,98
27022001,7
27024401,4
27024601,1
27024701,4
27026801,1
27026801,19
27026901,0
27028001,0
27028501,2
27028801,4
27028801,9
27028801,19
27029201,4
27030601,3
27030901,1
27031001,1
27032101,12
27032201,12
27032202,12
27033201,99
27033301,0
27033901,1
27034201,4
27036101,98
28002401,19
28002901,0
28003101,0
28003301,0
28003601,0
28004101,19
28005501,0
28006801,19
28007001,19
28007601,0
28007701,0
28008901,4
28009201,2
28009202,2
28011501,4
28012601,19
28013201,4
28016401,0
28017901,0
28018301,0
28018302,0
28018501,0
28019501,0
28020001,1
28021501,0
28022101,0
28022201,0
28022401,4
28023701,0
28025101,0
28027601,0
28027901,0
28028101,19
28029701,0
28032901,0
28033801,2
28033901,2
28034401,0
28034501,0
28035801,0
28035802,1
28036801,0
28037301,0
28037901,0
28039201,0
28039501,0
28039801,0
28043501,0
28044501,0
28047001,0
28047002,0
28047401,0
28048601,4
28049201,0
28049701,0
28049901,0
29000701,1
29000701,2
29000901,2
29001101,99
29003201,4
29003701,99
29004701,21
29004801,0
29005001,2
29008001,99
29012001,99
29012501,1
29012501,2
29012601,4
29014001,2
29015101,21
29017001,1
29017001,2
29017201,21
29017501,4
29017901,4
29018101,21
29018102,21
29018901,1
29018901,2
29019101,2
29020101,1
29020101,21
29020201,1
29020201,6
29020202,1
29020202,6
29020601,21
29023201,2
29023201,4
29023201,19
29023301,4
29023401,21
29023501,0
29024601,4
29026301,0
29026401,4
29027101,1
29027101,2
29027201,4
29027501,4
29028201,4
29028201,19
29028901,4
29029001,2
29029401,2
29030701,1
29032401,1
29032401,2
29034701,4
29034901,1
29034901,21
29036101,99
29036401,1
29036601,1
29039301,4
29040101,1
29040101,2
29041801,0
29045201,1
29045201,2
29045401,2
29045401,19
29045501,7
29046501,0
29047401,19
29048601,1
29048601,2
29050101,0
29051001,5
29051401,21
29051501,0
29051701,1
29052001,0
29052101,2
29053901,0
29054201,2
29055301,21
29057201,1
29057201,2
29057202,1
29057202,2
29058501,1
29058701,1
29058701,2
29058901,19
29059001,21
29059601,0
29059602,0
29059603,0
29059604,0
29060301,2
29060601,4
29062001,6
29062201,0
29062401,2
29063601,2
29063601,6
29064701,2
29067501,0
29069701,19
29071301,1
29071301,2
29071701,2
29073001,1
29073001,2
29074101,0
29074102,0
29074901,0
29075301,1
29076301,99
29076401,1
29076401,2
29076701,0
29076801,2
29077001,0
29077701,1
29077701,2
30002701,4
30004101,98
30004102,98
30007601,0
30008301,0
30010301,6
30013101,19
30016101,2
30016101,4
30017601,4
30019101,4
31000201,1
31002401,1
31004201,1
31005601,0
31007501,12
31007801,4
31008901,0
31010101,1
31010101,12
31010401,12
31011901,4
31012101,0
31013201,12
31013801,1
31014101,4
31016501,99
32000101,12
32000101,19
32001101,99
32001201,0
32001301,12
32001401,1
32001401,3
32001501,3
32001501,19
32001701,12
32001701,19
32001901,1
32001901,12
32002201,0
32003101,12
32003102,12
32003501,12
32004601,1
32004801,4
32004901,12
32005601,0
32006301,12
32006801,6
32007001,12
32007501,3
32007501,12
32007601,12
32007901,12
32007901,19
32008901,12
32008902,12
32009501,12
32009701,12
32009701,19
32010001,1
32010001,12
32010001,19
32010101,0
32010102,0
32010103,0
32010701,3
32010701,19
32010801,1
32010801,12
32012301,0
32013901,1
32013901,2
32013901,6
32013901,12
32013901,19
32014001,9
32015201,0
32015601,0
32015801,1
32015801,12
32016601,0
32016901,1
32017001,12
32017002,12
32017201,19
32017501,1
32017501,12
32018301,12
32018401,3
32018901,6
32018901,12
32018901,19
32019001,1
32019701,0
32019702,0
32019703,0
32019704,0
32019705,0
32019706,0
32019707,0
32019901,2
32019901,12
32020001,12
32020401,1
32020402,1
32020801,0
32021001,0
32021701,4
32021801,1
32021901,1
32022301,12
32022301,19
32022401,2
32022801,2
32023001,98
32023201,0
32023501,19
33001101,2
33001101,19
33001701,0
33003001,2
33003901,2
33005901,1
33006001,2
33006001,19
33007601,0
33008801,2
33008801,4
33008801,19
33009001,21
33009002,21
34000201,2
34000201,3
34000301,1
34000701,1
34000801,2
34000801,19
34001101,99
34001901,0
34003201,99
34003401,0
34003402,0
34003501,2
34003501,12
34003601,0
34003801,0
34003901,0
34004001,3
34004501,0
34004701,2
34004701,19
34005001,12
34005001,19
34005101,9
34005101,19
34005501,2
34005501,6
34005501,19
34005601,1
34005601,2
34005601,19
34006301,1
34006401,4
34006701,1
34006901,0
34007101,0
34007701,99
34007901,0
34009001,2
34009001,19
34009101,0
34009201,4
34009201,19
34010401,1
34011101,2
34011101,19
34011201,1
34011201,12
34011201,19
34011301,19
34011501,1
34011801,10
34012201,1
34012201,12
34012201,19
34012301,3
34012301,6
34012301,19
34012501,2
34012501,19
34012601,9
34012801,4
34012802,4
34013101,0
34013201,1
34013201,3
34013401,1
34013401,12
34013401,19
34014201,0
34014301,2
34014301,6
34014301,12
34015101,1
34015601,1
34015601,12
34015601,19
34016001,1
34016001,12
34016601,1
34016601,12
34016601,19
34016701,0
34017401,99
34017601,2
34018501,1
34018501,12
34018502,1
34018502,12
34018601,1
34018601,12
34018701,0
34019301,4
34019301,19
34019601,19
34020301,1
34021501,1
34021501,12
34021601,0
34021801,1
34021801,12
34022101,1
34022301,21
34022601,9
34023401,0
34023501,0
34024101,1
34024401,1
34024401,6
34024701,4
34025301,0
34026601,0
34026701,2
34026901,1
34027301,2
34027501,19
34027801,99
34027901,1
34027901,12
34028601,1
34028601,12
34028701,1
34028701,3
34029501,0
34029502,0
34029801,99
34030101,9
34030701,4
34031001,1
34031301,0
34032101,99
34032301,1
34032301,2
34032301,19
34032801,1
34032801,3
34032801,19
34033201,0
34033202,0
34033401,0
34033501,99
34033601,1
34033601,19
34033801,99
34033901,6
34033901,19
34034201,0
34034202,0
34034203,0
34034204,0
34034205,0
34034701,1
34034701,19
34034801,1
34034801,12
34034801,19
34035101,0
34035601,12
34035901,4
34036101,0
34036201,4
34037601,0
34037701,9
34037701,19
34037801,1
34038201,0
34038901,1
34038901,3
34038901,19
34039201,99
34039301,0
34039901,0
34039902,0
34039903,0
34040001,12
34040601,7
34040601,18
34040601,19
34041001,1
34041001,19
34041101,1
34041101,12
34041101,19
34042201,12
34042201,19
34042501,19
34042901,4
34043501,1
34043502,1
34043601,0
34043901,1
34043901,2
34044601,0
34044801,0
34045201,1
34045201,19
34045401,12
34045701,0
34045901,1
34046001,99
34046201,3
34046501,12
34046501,19
34046601,0
34046801,4
34046801,19
34047001,99
34047201,19
34047701,1
34047801,19
34048001,0
34048101,12
34048201,19
34048301,0
34048701,0
34049101,1
34049101,19
34049901,0
34050101,0
34050301,19
34050401,1
34050401,19
34050701,1
34050701,19
34050901,3
34051001,98
34051501,1
34051601,1
34051801,1
34052001,7
34052401,2
34052501,1
34052501,12
34052701,12
34052701,19
34053001,2
34053501,12
34053501,19
34053601,1
34053601,12
34053601,19
34053701,5
34053801,12
34053901,12
34053901,19
34054101,2
34054101,3
34054102,2
34054102,3
34054301,1
34054701,1
34054701,3
34054801,0
34055101,0
34055601,4
34055801,2
34055901,2
34056101,19
34056201,2
34056701,2
34056701,19
34056801,99
34057201,1
35000101,12
35000801,19
35001401,1
35002701,12
35003001,1
35003201,19
35003202,19
35003901,1
35004001,0
35004201,0
35005001,0
35005201,12
35005401,0
35006101,0
35006501,1
35006601,0
35006701,12
35006901,0
35007001,2
35007001,3
35007601,0
35008801,0
35009001,1
35009801,0
35011501,4
35012001,1
35012201,0
35012701,99
35012801,0
35013501,1
35013601,1
35014001,12
35014101,0
35014401,1
35015701,0
35016501,12
35016701,12
35016901,4
35017201,6
35017401,1
35020101,4
35020801,4
35021701,4
35022101,0
35022301,0
35024101,1
35024101,19
35024301,0
35024601,19
35024801,2
35024901,1
35025201,1
35025201,2
35025901,4
35026101,1
35026401,4
35026601,0
35027101,99
35028101,1
35028301,19
35029001,12
35029301,4
35030101,1
35030401,1
35030401,2
35030801,2
35030801,19
35030901,1
35031501,4
35032101,1
35032101,6
35032301,1
35032601,2
35033701,0
35033702,0
35033703,0
35034201,1
36000501,12
36000601,99
36000901,2
36000901,19
36001601,1
36001601,4
36001601,12
36002101,4
36003001,1
36003401,3
36003601,12
36003801,98
36004701,3
36004701,21
36004801,3
36005001,0
36005201,4
36005201,19
36005301,98
36006401,9
36006501,1
36006701,98
36006801,1
36006801,12
36007201,1
36007201,3
36007301,0
36007501,1
36007801,1
36008101,0
36008601,98
36008901,12
36009001,0
36009201,4
36009201,19
36009401,0
36009901,4
36010301,0
36010501,1
36010601,99
36010801,0
36011101,2
36011201,0
36011301,0
36011701,4
36011701,19
36011801,1
36011801,3
36011901,0
36012101,99
36012201,0
36012401,99
36012701,99
36012801,99
36012901,21
36013001,1
36013001,12
36013301,0
36013801,12
36014101,0
36014401,99
36014901,12
36015001,0
36015101,2
36015101,3
36015201,99
36015501,3
36015601,99
36016301,12
36016401,0
36016601,0
36016701,4
36017001,4
36017001,19
36017601,1
36018101,1
36018101,12
36018401,12
36018701,1
36019201,99
36019401,3
36019501,1
36020301,3
36020401,1
36020401,12
36021101,12
36021201,12
36021501,1
36021701,99
36022001,0
36022201,0
36023001,12
36023201,99
36023301,1
36023301,2
36023301,17
36023401,0
36023801,0
36024201,1
36024201,3
36024401,0
36025001,99
36025301,21
36025801,1
36025801,12
36026401,0
36026901,99
36027301,0
36027601,1
36027701,0
36027801,2
36027801,3
36028001,99
36028201,0
36028401,98
36028501,0
36029001,0
36029101,9
36029201,4
36029701,12
36030701,1
36030701,2
36030901,4
36031101,99
36031501,3
36031801,0
36032001,19
36032501,9
36032801,0
36032901,0
36033201,4
36033401,0
36033601,0
36034801,1
36035001,99
36035101,0
36035301,0
36035901,0
36036301,1
36036601,0
36036602,0
36037101,3
36037201,4
36037401,4
36037801,0
36037802,0
36037803,0
36037901,0
36038301,0
36038501,1
36038701,0
36038801,3
36039101,3
36039201,6
36039301,0
36040001,21
36040201,0
36040801,0
36041301,9
36041601,1
36041602,1
36042501,0
36042601,0
36042602,0
36043101,4
36043101,19
36043401,3
36043601,1
36043601,12
36043602,1
36043602,12
36043801,0
36044201,0
36044601,2
36044801,1
36045201,0
36045901,4
36046301,0
36046302,0
36046601,4
36046701,0
36046901,0
36047101,2
36047101,3
36047601,0
36048301,1
36049701,3
36050601,0
36050901,0
36051901,2
36051901,6
36052201,0
36052401,2
36052401,3
36052601,1
36052601,12
36053001,0
36053701,1
36053801,0
36054001,0
36054401,0
36054501,1
36054502,1
36054701,0
36055701,0
36057201,0
36057202,0
36057301,2
36057301,3
36058001,4
36058101,0
36058701,4
36058801,6
36059001,9
36059301,0
36059302,0
36059401,9
36059601,3
36059701,2
36059701,3
36059901,1
36059901,2
36060401,9
36060601,0
36060701,1
36060701,6
36061301,2
36061301,3
36061601,0
36061901,3
36062001,1
36062201,0
36062301,0
36063201,1
36063201,3
36063701,2
36063701,3
36064501,0
36065601,21
36065901,1
36065901,2
36065901,3
36066201,0
36066202,0
36066203,0
36066501,0
36066601,2
36066701,0
36067001,2
36067201,1
36067901,2
36068101,4
36068401,0
36068701,0
36069201,0
36069501,1
36069501,2
36069501,3
36069901,0
36070501,2
36071301,3
36072901,21
36073001,1
36073401,0
36073701,2
36073701,3
36074701,3
36074901,0
36075101,2
36075501,0
36076101,0
36076201,0
36076701,2
36077101,2
36077201,2
36077201,3
36077401,15
36077601,0
36078101,3
36078901,3
36079201,21
36079501,0
36080001,0
36080201,3
36080401,0
36080501,2
36080901,0
36081101,0
36081201,2
36081301,0
36081701,0
36082201,4
36082601,0
36082801,19
36083001,0
36083101,0
36083301,99
36083801,0
36084001,2
36084101,0
36084401,2
36084401,3
36084501,0
36084601,98
36085101,1
36085101,2
36085501,0
36086301,2
36086601,21
36086701,21
36086801,0
36087401,0
36087601,0
36088301,0
36088302,0
36088303,0
36088401,0
36088402,0
36089001,0
36089101,0
36089102,0
36089301,0
36089701,0
36089801,0
36089901,9
36090101,0
36090102,0
36090401,0
36090701,0
36091301,0
36091801,0
36091901,3
36091902,0
36091903,0
36092501,1
36092601,2
36092801,0
36092901,0
36093101,2
36093101,3
36093301,1
36093401,2
36093401,3
36093601,12
36093701,2
36093702,2
36093901,2
36093901,3
36094001,12
36094101,0
36094301,12
36094801,4
36094901,3
36095001,21
36095801,0
36096101,21
36096201,12
36096801,2
36096901,0
36097001,0
36097101,2
36097102,2
36097501,4
36097501,19
36097701,98
36098301,4
36098501,2
36098901,2
36099001,2
36099201,2
36099201,3
36099401,0
36099501,2
36099601,0
36100001,2
36100101,2
36100101,6
36100101,21
36100201,21
36100401,0
36100601,0
36100801,2
36100901,12
36101101,3
36101401,2
36102101,21
36102201,12
36102601,2
36102701,2
36102701,3
36102801,4
36103201,3
36103501,2
36103601,2
36103701,0
36103801,2
36103901,2
36104201,2
36104301,0
36104302,0
36104501,98
36104601,0
36104602,0
36104701,21
36105001,0
36105101,2
36105901,0
36106101,21
36106201,0
36106401,4
36106401,9
36106701,12
36106702,12
36106901,1
36107201,4
36107301,0
36107302,0
36107501,15
36107701,99
36107901,0
36108101,21
36108301,12
36108401,3
36108701,0
36108801,98
37000301,9
37000301,19
37002001,9
37002701,1
37002701,19
37003301,2
37003301,19
37003601,0
37003701,4
37005701,2
37005701,9
37006101,6
37006201,19
37008601,2
37008901,2
37009401,4
37009401,19
37009801,0
37010501,4
37010501,19
37011601,9
37011602,9
37011603,9
37011604,9
37012301,1
37012901,19
37013001,4
37013001,19
37013401,4
37014701,4
37014702,4
37014801,0
37015001,4
37015001,19
37015901,6
37016601,4
37016601,19
37016701,0
37017501,1
37018801,2
37018801,19
37019201,1
37019401,2
37019501,2
37019501,19
37019901,2
37020501,21
37020601,1
37020801,4
37021001,1
37021001,4
37021701,0
37022101,4
37022101,19
37023401,4
37023401,19
37025201,4
37025201,19
37025701,4
37027301,0
37027701,0
37028201,19
37029401,1
37029901,4
37029901,19
37031901,19
37032101,4
37032601,9
37032601,19
37033301,0
37033901,4
37033901,19
37034601,1
37034601,2
37034701,2
37036501,2
37036601,1
37036601,4
37036801,1
37036801,4
37037901,9
37039301,9
37040501,1
37040601,2
37040601,19
37040701,0
37041501,0
37041502,0
37041503,0
37041601,0
37041602,0
37041901,0
37041902,0
37042901,21
37043001,0
37044701,4
37044701,19
37045001,2
37045001,3
37045701,4
37045701,19
37046501,4
37046901,2
37046901,19
37047501,98
37047801,0
37049301,3
37049301,19
37050601,19
37050801,3
37050901,98
37052001,0
37052101,0
37052201,19
37052401,4
37053101,6
37054401,0
37056301,4
37057101,0
37057701,4
37057702,4
37057801,98
37057901,2
37058001,2
37059201,1
37059201,6
37059501,99
37059601,4
37059601,19
37059602,4
37059602,19
37059801,21
37059901,19
37060001,19
37061301,2
37061401,0
37061402,0
37062501,19
37062901,1
37064501,19
37064502,19
37064901,4
37064901,19
37065001,0
37065201,9
37065201,19
37065501,19
37065901,4
37065901,19
37066301,4
37066501,99
37067401,0
37067402,0
37068001,19
37068101,6
37068301,0
37069201,3
37069301,0
37069401,1
37071401,99
37072001,19
37072301,19
37072501,4
37072801,2
37072801,19
37073101,4
37073201,2
37073301,0
37073401,1
37073601,1
37073601,2
37073901,98
37075001,5
37075601,4
37077201,1
37077201,19
37077301,4
37078501,4
37079701,6
37080701,2
37080701,9
37081501,2
37081501,19
37081701,4
37082001,99
37082801,1
37082801,19
37082901,2
37082901,19
37084001,4
37084101,4
37084201,1
37084401,0
37085001,4
37086101,0
37086801,2
37086801,19
37087701,0
37088201,4
37088201,19
37088301,4
37088301,19
37089601,2
37090101,99
37090201,19
37091301,98
37091701,98
37092601,1
37092601,2
37093001,2
37093001,19
37093301,4
37093801,98
37094201,4
37094201,9
37094401,2
37094501,4
37094801,0
37096001,2
37096201,4
37096901,4
37097501,18
37098801,0
37099701,6
37099801,1
37101101,2
37101101,19
37102101,4
37102102,4
37102201,98
37103301,0
37103501,19
37103601,2
37103601,19
37104201,4
37105801,0
37105901,0
37106101,0
37106301,0
37106302,0
37106401,1
37106401,19
37107101,1
37107101,10
37107201,0
37107801,1
37108801,14
37109301,4
37109301,19
37109401,2
37109401,19
37110801,2
37110801,19
37110901,4
37111001,2
37111001,19
37111501,4
37111601,0
37111602,0
37111901,4
37112201,4
37112301,2
37112301,19
37112701,2
37112701,3
37113001,0
37113501,4
37113501,19
37113701,2
37113701,19
37114201,1
37114401,1
37114901,0
37115401,0
37115701,19
37116001,1
37116301,98
37116302,98
37116501,1
37116501,19
37117601,98
37117901,6
37118601,21
37118801,0
37118901,19
37119301,19
37119501,2
37119501,19
37119601,2
37119601,19
37120001,99
37120401,19
37120501,5
37120601,19
37121401,4
37121401,19
37121501,2
37121901,1
37121901,21
37122101,4
37122301,1
37122301,19
37122401,98
37122501,21
37122801,1
37123001,2
37123001,4
38000401,16
38004601,2
38004601,4
38006101,0
38006102,0
38006103,0
38006104,0
38009901,0
38009902,0
38009903,0
38009904,0
38009905,0
38009906,0
38009907,0
38009908,0
38009909,0
38011401,19
38011601,4
38011601,19
38011801,98
38011802,98
38012101,1
38012101,2
38013901,6
39000601,4
39001701,0
39001702,0
39001703,0
39002201,2
39002201,12
39003201,4
39003601,12
39004401,5
39004601,0
39005101,0
39005301,12
39005501,12
39005601,0
39005602,0
39005701,12
39005702,12
39006501,6
39007401,1
39009801,1
39009801,19
39009901,1
39009901,4
39009902,1
39009902,4
39011001,0
39011201,4
39012201,2
39012201,12
39012301,0
39012701,0
39013001,2
39013001,12
39013301,15
39014301,1
39014301,12
39014401,99
39014701,1
39014701,12
39014701,19
39015301,2
39015301,3
39015301,12
39015401,2
39015401,12
39015401,19
39016301,2
39016301,12
39017601,1
39017601,3
39017701,1
39017701,4
39018401,2
39018401,12
39018601,1
39018601,2
39020301,4
39020701,2
39020701,3
39022001,1
39022001,19
39022101,1
39022101,4
39023501,1
39023501,12
39023701,1
39023701,4
39025701,2
39025801,1
39025801,12
39026001,1
39026001,12
39026301,1
39026301,4
39026501,0
39027001,1
39027001,2
39027101,1
39028801,2
39028801,12
39029001,19
39031501,4
39031701,1
39031701,12
39031701,19
39032401,4
39033601,2
39033601,12
39035801,2
39038901,4
39039001,4
39041901,1
39041901,2
39041901,12
39041902,0
39041903,0
39043101,4
39044001,5
39046801,4
39046901,4
39050301,4
39052101,9
39052901,0
39053001,99
39053101,0
39053102,0
39053801,1
39053801,4
39054001,0
39054601,0
39054901,19
39057401,0
39057801,4
39057802,4
39058001,9
39059001,1
39059801,1
39059801,4
39060101,2
39060401,0
39060402,0
39061201,3
39061201,12
39061801,4
39061901,99
39062401,19
39063201,2
39063201,3
39063801,0
39066101,9
39066901,1
39066901,12
39067401,1
39067401,2
39069401,2
39069401,12
39070201,1
39070201,12
39071001,1
39071001,12
39071301,0
39071302,0
39071303,0
39071304,0
39071401,12
39072401,4
39072601,4
39072601,21
39074201,0
39075901,4
39078301,6
39079101,0
39079501,3
39079501,12
39081001,1
39081001,4
39081701,1
39081701,12
39081701,19
39081901,1
39081901,12
39082401,1
39082401,12
39082701,1
39082701,12
39082702,1
39082702,12
39082801,1
39082801,4
39082801,12
39083101,0
39084701,1
39084701,4
39084701,12
39085201,1
39085201,2
39085201,12
39086101,2
39086101,12
39087501,1
39087501,2
39088301,2
39088301,12
39088501,4
39088501,19
39089001,9
39089001,19
39089301,2
39089301,12
39089701,19
39090201,1
39090201,19
39091301,2
39091301,12
39091801,2
39091801,12
39091901,4
39091901,19
39092301,1
39092901,1
39095401,4
39096101,0
39096201,0
39096801,1
39096801,19
39097101,4
39097101,19
39097601,0
39098601,1
39098601,2
39098601,12
39100201,2
39100201,12
39100301,0
39100302,0
39100303,0
39101401,1
39101401,4
39101401,12
39103101,4
39105301,1
39105301,3
39105401,2
39105401,12
39106001,1
39106101,3
40001201,1
40001201,12
40001301,7
40001601,4
40001901,12
40002701,4
40003101,12
40003701,1
40003701,2
40006601,19
40007201,19
40007601,1
40007601,19
40007901,12
40008001,12
40008301,1
40010101,1
40010701,4
40011301,2
40011901,2
40012001,19
40014401,99
40015301,21
40017901,4
40018301,4
40020001,19
40020401,12
40021701,12
40022701,4
40022801,2
40022901,4
40024501,19
40024801,99
40025501,19
40029401,4
40030501,21
40031401,0
40031402,0
40031601,19
40037001,0
40037201,4
40037701,4
40039401,99
40039601,1
40043001,1
40043001,12
40044001,19
40044501,4
40046301,1
40047801,12
40047801,19
40049501,1
40049501,12
40050401,0
40051001,0
40051601,21
40051901,4
40052701,4
40052901,12
40054201,4
40054801,19
40055001,98
40056301,2
40056401,12
40057501,12
40058001,19
40058201,19
40058401,19
40058801,9
40059301,12
40059601,2
40059701,12
40060601,1
40060901,12
40061301,19
40063301,1
40063401,99
40063601,4
40063901,0
41000201,3
41000701,1
41000801,0
41000901,1
41001401,1
41001401,19
41001501,2
41001501,17
41001501,19
41001601,1
41001801,0
41002101,1
41002101,19
41002601,0
41003101,1
41003501,2
41003501,19
41003801,1
41003801,19
41003901,0
41004001,1
41004201,19
41004301,4
41004601,2
41004601,19
41005101,1
41005101,19
41005301,19
41005701,1
41005701,19
41005801,1
41005801,19
41006801,98
41007601,0
41008201,6
41008201,19
41008501,0
41008701,0
41009201,99
41009301,19
41009501,19
41010001,0
41010201,0
41010401,1
41010401,19
41011001,1
41012401,1
41012601,2
41013401,0
41014101,0
41016301,4
41016701,1
41016701,19
41018101,0
41018201,0
41019101,1
41019301,0
41019501,4
41019501,19
41019701,0
41021801,4
41022101,0
41022401,10
41022401,19
41022801,0
41023201,4
41023201,19
41023501,1
41024901,1
41025301,2
41025301,19
41025401,19
41025801,16
41025901,1
41025901,19
41026201,2
41027201,19
41027202,19
41027601,0
41027602,0
41027603,0
41027901,1
41028101,1
41028101,19
41028401,2
41028501,0
41029301,1
41029401,2
41029401,19
41029801,0
41031001,0
41031201,19
42000901,12
42000901,19
42001201,2
42001801,19
42001901,1
42001901,12
42001901,19
42002501,12
42002501,19
42002601,1
42002801,12
42002801,19
42003001,0
42003301,12
42003401,12
42003501,4
42003501,19
42003701,4
42010301,12
42010301,19
42010701,4
42010701,19
42011001,16
42011501,0
42011901,4
42011901,9
42011901,19
42012001,4
42012001,19
42012101,12
42012101,19
42012301,12
42012501,12
42012501,19
42012601,12
42012601,19
42012701,12
42012901,3
42012901,12
42013001,12
42015101,19
42015601,19
42015601,21
42015801,4
42015801,19
42015802,4
42015802,19
42016101,19
42016501,5
42016501,19
42017501,12
42017501,19
42017601,0
42017701,0
42018301,0
42018501,12
42018501,19
42018901,0
42018902,0
42018903,0
42018904,0
42020001,3
42020401,12
42020401,19
42021201,19
42021401,12
42021401,19
42021501,1
42021501,3
42021501,12
42021801,0
42021901,12
42021901,19
42022001,3
42022001,7
42022001,10
42023101,3
42023101,12
42023201,0
42023301,0
42023401,4
42023501,1
42023501,12
42023501,19
42023801,21
42024301,7
42024301,14
42024301,19
42024801,4
42024801,19
42024901,4
42026501,0
42027001,0
42027101,0
42027901,12
42027901,19
42028801,12
42030401,2
42031201,5
42032401,4
42032401,19
42032402,19
42034701,19
42034801,1
42034801,12
42034801,19
42037001,19
42039901,0
42040101,4
42040101,19
42040301,12
42040301,19
42041801,12
42042001,12
42042001,19
42042501,4
42043301,0
42044201,0
42044401,0
42044402,0
42044403,0
42044601,0
42044602,0
42044603,0
42045501,12
42045501,19
42046401,1
42046401,12
42050701,4
42050702,4
42052501,19
42053401,0
42053501,0
42054001,0
42054101,0
42054301,99
42054401,5
42054701,12
42055401,12
42058501,2
42060901,0
42064101,12
42064101,19
42064301,0
42065101,0
42065201,0
42065701,0
42065801,19
42065901,12
42065901,19
42066101,4
42066801,7
42067001,19
42068001,0
42069401,14
42069401,19
42070401,14
42070401,19
42072001,1
42072001,12
42073801,2
42074801,12
42076201,0
42076301,99
42077901,12
42077902,12
42077902,19
42078001,0
42078101,12
42079101,0
42079102,0
42080901,3
42080901,9
42083701,9
42084101,0
42084301,0
42084701,0
42086801,4
42087001,7
42087101,0
42087701,12
42088101,12
42088201,1
42088201,12
42088201,19
42089301,0
42089601,1
42089602,1
42089603,1
42089604,1
42091401,12
42091401,19
42093901,4
42093902,4
42094001,1
42094301,1
42094401,1
42094601,98
42096101,0
42096201,0
42096301,0
42096302,0
42096601,99
42098801,4
42099401,4
42099501,0
42101301,19
42101302,0
42101401,0
42101402,0
42101801,19
42101801,21
42101901,98
42101902,98
42102101,2
42102701,0
42103001,4
42103001,19
42103301,12
42104801,0
42107601,4
42107601,19
42107701,1
42107701,12
42107701,19
42108001,0
42108101,3
42108101,12
42108101,19
42108401,12
42108401,19
42108701,12
42108701,19
42109401,4
42110001,1
42110201,21
42111001,1
42111101,1
42111401,0
42114201,4
42114401,12
42114401,19
42114501,4
42115001,4
42115101,12
42115101,19
42115201,4
42115301,19
42115401,0
42115601,0
42115901,1
42116101,1
42116401,1
42118201,19
42118301,12
42118301,19
42118401,0
42118501,12
42118501,19
42118801,12
42118801,19
42119901,19
42120401,1
42120501,3
42120601,1
42120701,1
42120801,99
42121001,0
42121101,0
44000301,0
44001501,0
44002901,0
44003601,0
44003602,0
44003603,0
44004401,1
44004401,2
44004401,12
44004801,19
44005001,4
45000201,12
45000201,19
45001201,2
45001201,4
45001801,4
45001801,19
45002201,2
45002201,4
45002201,19
45002301,4
45002301,19
45002901,12
45002901,19
45003001,4
45003101,4
45003201,9
45003201,19
45004801,12
45004801,19
45004901,12
45005301,4
45005302,4
45006001,4
45007401,4
45007501,2
45007501,19
45007801,0
45007802,0
45008101,4
45008101,19
45008201,2
45008301,2
45008301,12
45008301,19
45009301,12
45009701,12
45010101,12
45012301,4
45012301,19
45012302,4
45012302,19
45012501,3
45013101,12
45015201,21
45015801,12
45016601,12
45017201,99
45017301,0
45018901,4
45020401,4
45020801,4
45020901,0
45022001,4
45022301,21
45022801,2
45022801,19
45023001,0
45024201,0
45024301,12
45024501,12
45025801,12
45026201,15
45027101,12
45027201,4
45027601,4
45027801,12
45028101,0
45029001,0
45030201,0
45030501,0
45030701,0
45031301,4
45031701,4
45032001,4
45034701,12
45035401,12
45035801,12
45036701,4
45039301,4
45040701,4
45042201,5
45042901,4
45042901,19
45043301,4
45043301,19
45043501,4
45044001,0
45044701,99
45045001,12
45045101,12
45046201,4
45046201,19
45047101,0
45047801,4
45047901,4
45047901,19
45048101,4
45048101,12
45048301,4
45048301,19
45049101,4
45049101,19
45049201,12
45049601,0
45049901,4
45050101,4
45051801,6
45051801,19
45052501,4
45052501,19
45053101,1
45053101,2
45053401,2
45053401,12
45053801,2
45054101,4
45054301,4
45055101,5
45055401,0
45055601,4
45055601,19
45055901,12
45057101,0
45057102,0
45057401,4
45057401,19
45058101,21
45058201,4
45058202,4
45058801,12
45060401,4
45060402,4
45060501,4
45060501,19
45060701,4
45060801,2
45060801,12
45063301,4
45063301,19
45063901,12
45064701,1
45064701,12
45064901,12
45064901,19
45065201,4
45065201,12
45065201,19
45065801,4
45067201,0
45067301,19
45067701,12
45067801,0
45068001,1
45068001,19
45069601,0
45069701,4
45069701,12
45069701,19
45070301,4
45070601,12
45070601,19
45071401,12
45071901,4
45072001,0
45072501,4
45073301,2
45073301,19
45073601,3
45073601,6
45073602,3
45073602,6
45074201,2
45074501,2
45074501,4
45074501,19
45074801,4
45075001,4
45075401,0
45077101,4
45077501,2
45077601,4
45077701,4
45077701,19
45079001,4
45079001,19
45079201,1
45079201,19
45079301,0
45080101,12
45080701,12
45080701,19
46002401,1
46008501,19
47000301,0
47002301,1
47002601,1
47002601,2
47003701,1
47003701,19
47004701,19
47006201,98
47006301,0
47006302,0
47006303,0
47008601,98
47009801,1
47009801,2
47009801,3
47009801,12
47014001,0
47016001,19
47016201,4
47016601,1
47016601,2
47016901,99
47017001,1
47017201,6
47017201,12
47017201,19
47020401,1
47020401,2
47020801,1
47021701,0
47021702,0
47021703,0
47021704,0
47021705,0
47021801,98
47022501,19
47022901,7
47023901,1
47027501,6
47027501,21
47028201,1
47030501,19
47032101,1
47032101,12
47033201,21
47033202,21
47036201,99
47039901,14
47039901,16
47039901,19
47039902,14
47039902,16
47039902,19
47039903,14
47039903,16
47039903,19
47040701,1
47040701,12
47040701,19
47043801,98
47044501,1
47046801,1
47052501,1
47053001,1
47053001,12
47053001,19
47053101,12
47053301,0
47053302,0
47053303,0
47053501,1
47053601,2
47054401,98
47054701,1
47057101,0
47057801,6
47057801,12
47059701,98
47060101,1
47060601,2
47061601,1
47061901,19
47063101,19
47063102,0
47064501,98
47064502,98
47064503,98
47064601,1
47064901,98
47065201,98
47069701,1
47069701,2
47069701,3
47069701,19
47070901,9
47071701,12
47073901,1
47075901,4
47075901,19
47077901,0
47078601,0
47078602,0
47080701,1
47082001,1
47082001,21
47082501,1
47082501,4
47082701,0
47082801,12
47086201,0
47086601,1
47086701,21
47086901,21
47087401,0
47090301,21
47090302,21
47092401,21
47093101,12
47094101,1
47094701,4
48000401,1
48000401,2
48000601,2
48000701,2
48000901,2
48001201,2
48001901,0
48001902,0
48002401,2
48002601,0
48002602,0
48003101,4
48003101,19
48003301,3
48005101,9
48005101,19
48005501,2
48005701,19
48005702,19
48005801,2
48005801,19
48006001,0
48007001,0
48007101,2
48007101,19
48007501,2
48007501,19
48007601,21
48008101,2
48008601,2
48008701,0
48009001,2
48009001,19
48009201,2
48010101,2
48010201,2
48010301,2
48010801,2
48011101,2
48011501,1
48011501,2
48011501,19
48011701,2
48012001,2
48012401,2
48012601,2
48013401,0
48014101,2
48015001,2
48015101,2
48016701,2
48016701,3
48016702,2
48016702,3
48017101,14
48017101,19
48017601,19
48018101,2
48018101,19
48019101,2
48019801,2
48020401,21
48020402,21
48021101,2
48021701,2
48022301,2
48023401,0
48023701,0
48023901,2
48024101,2
48024301,2
48024301,19
48024701,2
48024801,2
48024901,2
48025201,2
48026101,2
48026301,21
48026501,2
48027001,19
48027201,2
48027301,0
48027501,0
48027601,0
48027602,0
48027701,2
48027701,19
48028501,12
48028901,4
48029301,1
48029301,2
48030401,21
48030501,0
48032801,19
48034101,0
48035501,2
48036101,2
48036101,19
48036601,2
48037401,0
48037601,2
48038301,2
48038601,2
48039001,4
48039601,2
48039701,2
48040701,2
48041201,2
48042101,4
48042401,19
48043501,4
48043501,14
48044501,2
48044701,0
48044901,0
48046601,2
48046801,2
48047401,2
48047401,12
48048101,2
48048301,0
48048302,0
48048303,0
48048501,2
48048501,21
48048502,99
48048801,2
48049901,2
48050701,99
48051001,2
48051601,2
48051602,2
48052301,0
48052302,0
48052701,2
48053201,2
48053201,6
48053601,2
48054201,0
48054301,99
48054901,0
48055301,2
48055302,2
48055801,2
48056401,2
48056701,9
48056801,2
48056901,2
48056902,0
48057601,2
48059201,2
48059301,2
48060201,2
48060401,2
48061801,2
48062601,0
48062901,2
48063701,4
48064001,2
48064901,0
48065001,2
48067001,0
48067401,2
48067501,19
48068501,2
48068801,2
48068801,19
48069901,4
48070401,0
48070601,0
48071401,98
48071501,2
48071501,4
48072001,1
48072001,2
48072001,19
48073101,0
48073102,0
48073701,4
48073801,1
48073801,2
48073801,21
48075301,2
48076001,2
48076601,9
48077401,2
48078401,2
48079701,2
48079901,5
48080001,2
48080101,4
48080101,6
48080201,1
48080201,2
48080301,2
48080301,21
48081601,21
48081901,2
48082201,0
48082601,0
48082602,0
48083301,2
48083401,1
48084101,2
48085201,2
48085601,0
48086101,2
48086201,2
48086501,0
48087001,2
48087101,2
48087401,2
48087801,2
48090201,0
48091601,2
48091601,4
48091601,19
48091901,2
48092501,0
48092502,0
48094601,98
48097101,2
48098001,0
48098002,0
48098003,0
48098004,0
48098401,2
48098402,2
48098601,2
48099601,98
48099701,2
48099901,19
48100501,99
48100601,0
48100701,2
48100901,2
48103501,2
48103801,2
48103801,13
48103901,2
48104701,0
48105101,12
48105701,2
48108301,2
48109001,2
48110401,2
48110601,2
48111101,10
48111701,0
48112501,2
48112701,2
48113701,0
48114101,2
48114901,21
48116701,0
48116702,0
48117301,2
48118701,2
48119001,2
48119001,12
48120601,2
48121201,0
48121401,0
48121901,1
48122701,0
48123401,2
48124101,2
48124201,2
48125601,0
48125701,0
48126401,2
48126801,0
48127501,2
48128001,2
48128401,2
48129101,2
48129401,0
48129601,2
48129601,4
48129801,2
48129802,2
48130201,2
48131201,4
48131201,19
48131801,4
48133001,0
48133101,21
48136001,0
48136501,0
48139101,2
48141301,2
48142201,2
48142301,2
48142901,2
48143001,9
48143301,2
48143701,2
48143901,2
48144101,2
48144101,21
48144601,1
48144601,2
48145201,2
48147001,0
48147002,1
48147201,1
48147201,2
48148001,0
48148301,17
48148401,2
48148901,2
48150001,2
48151301,2
48152201,2
48152301,14
48152301,19
48152401,0
48153201,0
48153901,0
48154001,0
48154401,9
48154601,0
48154602,0
48154603,0
48154604,0
48155201,2
48156601,2
48157001,2
48157101,98
48157301,0
48158101,9
48158301,2
48158701,2
48159001,2
48159501,2
48160001,0
48160002,21
48160003,0
48160501,2
48160601,0
48161601,4
48161801,0
48162001,0
48162601,0
48163101,9
48164201,2
48165501,2
48165701,2
48166001,0
48166601,2
48167201,99
48167401,2
48167401,3
48167701,0
48168501,4
48168502,4
48168701,2
48168801,2
48170001,2
48170201,4
48170201,19
48170901,2
48171301,2
48171501,0
48172201,2
48172401,14
48173101,2
48173101,4
48175801,2
48176601,1
48176601,2
48176601,19
48177301,2
48177302,0
48177701,21
48178001,21
48178301,2
48178601,2
48178901,0
48178902,0
48181001,2
48181101,1
48181101,2
48181301,2
48181801,4
48183501,4
48183601,1
48183601,2
48183701,21
48184201,4
48184701,2
48184801,99
48185501,2
48187901,21
48188101,2
48188401,99
48189101,2
48189601,0
48190001,2
48190401,4
48192501,0
48192502,0
48192503,0
48192504,0
48192505,0
48192506,0
48192601,2
48192801,2
48193801,21
48194501,0
48194801,4
48195101,4
48195102,4
48195201,2
48195501,2
48195801,2
48196001,0
48196801,2
48198601,2
48199701,2
48199901,0
48200101,0
48200401,2
48202201,2
48202701,0
48203701,2
48203901,21
48204101,2
48204401,2
48205901,2
48206601,0
48207301,0
48208101,2
48208401,1
48208401,2
48208501,2
48208601,0
48209401,0
48209701,0
48209801,0
48210001,3
48210101,2
48210301,2
48210601,0
48210901,17
48211801,19
48212701,0
48212801,0
48212802,0
48213501,99
48214501,2
48215501,2
48215601,2
48217001,2
48217101,4
48217601,98
48217901,2
48219101,2
48219301,2
48219401,0
48219402,0
48220401,0
48220601,2
48221601,1
48221601,2
48221901,2
48222201,2
48223101,98
48223501,2
48223801,2
48224901,0
48225001,4
48225101,2
48225501,2
48225501,19
48225901,1
48225901,2
48225901,12
48226201,2
48226201,14
48227001,0
48227002,0
48227003,0
48227201,2
48227202,2
48227401,2
48227901,0
48228301,2
48228401,2
48228901,0
48230001,4
48231201,98
48232801,2
48232801,12
48233401,98
48233501,2
48233801,3
48234401,1
48234401,2
48234901,1
48234901,2
48235401,2
48236101,0
48236102,0
48236201,2
48236501,2
48236801,2
48237001,0
48237101,2
48237201,0
48237301,1
48237301,2
48237901,2
48238001,0
48238002,0
48238101,4
48238201,2
48238601,98
48239601,0
48239901,0
48239902,0
48239903,0
48239904,0
48239905,0
48240201,99
48240401,99
48240901,2
48241201,2
48242301,2
48243301,99
48243601,0
48243602,0
48243801,14
48244201,2
48244401,2
48244501,2
48245201,98
48245202,98
48245701,98
48246801,2
48247101,19
48248501,2
48249701,2
48250101,2
48250201,0
48250401,4
48251601,2
48252801,21
48253001,2
48253101,2
48253501,0
48253801,2
48253801,12
48253801,21
48253901,2
48255301,2
48255501,2
48255801,2
48255901,0
48257101,2
48257101,4
48257501,2
48258201,2
48258401,2
48258901,98
48260901,2
48261001,2
48261601,2
48262301,1
48262301,2
48262901,0
48262902,0
48262903,0
48262904,0
48263101,19
48264001,2
48264901,2
48265201,2
48265301,0
48265401,2
48265901,19
48266301,2
48268801,2
48268801,19
48269101,2
48269501,2
48270901,98
48270902,98
48272201,7
48272501,0
48273101,2
48273301,21
48273501,0
48275001,2
48276201,2
48276301,14
48276301,19
48276501,2
48277601,0
48278401,2
48278601,0
48278602,0
48278603,0
48278801,0
48278901,2
48278901,19
48279101,2
48279601,2
48279601,4
48279901,2
48281301,2
48282501,2
48283001,2
48283101,2
48283101,19
48284301,2
48284401,2
48284801,2
48285001,2
48285101,2
48285201,2
48285401,2
48285501,98
48286801,0
48287501,2
48287701,2
48289201,2
48289301,2
48289301,19
48289901,2
48290701,2
48291401,99
48294001,2
48294201,2
48294201,19
48294401,2
48296701,2
48297701,2
48297901,0
48298501,98
48299901,0
48300401,0
48300402,0
48300701,2
48300701,19
48301001,1
48301201,5
48301901,1
48302301,2
48303901,2
48303901,21
48304001,98
48304201,98
48304301,98
48304401,21
48304701,2
48304901,2
48305001,2
48305701,2
48305901,2
48305901,19
48306301,2
48306301,19
48306401,99
48306601,0
48306801,0
48307901,2
49000801,6
49001101,0
49002201,12
49002202,12
49002801,0
49002802,0
49003101,0
49003501,99
49003701,1
49003701,2
49004201,2
49005801,3
49007301,0
49009301,2
49009301,19
49009701,1
49010501,0
49010901,0
49011401,13
49012101,0
49012501,4
49013001,2
49014201,2
49015001,1
49015101,0
49015301,99
49015801,2
49015901,1
49015901,2
49017101,0
49017301,4
49018301,2
49018601,0
49018801,0
49019001,2
49019301,0
49019901,12
49020001,99
50000101,2
50000101,12
50000101,19
50001101,0
50001301,0
50001302,0
50001401,12
50001601,12
50005601,0
50005901,4
50006401,2
50006401,19
50006601,4
50006602,0
50007001,2
50007001,12
50007001,19
51000101,99
51002701,98
51003001,0
51003401,4
51003401,19
51003901,4
51004001,21
51004201,4
51004201,19
51004301,4
51004901,19
51005001,12
51005201,0
51005202,0
51005301,4
51005301,19
51005601,4
51006801,19
51008501,4
51008901,5
51009501,19
51009601,4
51009601,21
51009701,0
51010101,4
51010101,19
51010401,0
51010701,0
51011701,2
51012401,12
51015201,12
51017201,4
51017701,4
51017702,4
51018101,21
51018102,21
51018201,1
51019101,6
51019401,4
51019901,2
51020301,1
51020301,12
51020801,4
51020901,2
51025101,13
51025101,19
51026301,19
51027501,4
51027901,0
51028201,12
51029901,4
51029901,19
51029902,4
51029902,19
51029903,4
51029903,19
51030001,0
51032901,1
51032901,9
51033601,12
51033901,6
51036301,3
51037101,0
51038101,12
51038301,0
51038901,12
51039101,4
51039601,0
51039701,1
51039701,19
51040201,12
51040501,12
51041201,0
51043401,0
51043701,4
51043901,98
51045001,12
51045101,12
51045601,12
51046001,0
51046002,0
51046003,0
51046004,0
51046005,0
51046006,0
51046007,0
51047101,0
51047201,0
51049401,1
51049501,0
51049701,12
51050101,0
51051301,19
51051401,19
51051601,3
51051601,19
51051602,2
51051602,19
51052601,0
51053001,0
51053501,19
51053901,1
51053901,19
51054201,12
51054601,21
51055501,19
51056401,19
51057301,19
51058401,4
51058401,19
51058501,19
51058501,21
51058701,12
51059001,3
51059401,0
51059801,12
51060001,0
51060301,4
51061701,0
51062501,0
51064001,0
51064101,19
51064201,98
51064501,12
51065101,4
51065601,12
51065701,19
51065801,19
51065901,1
51066001,4
51067201,12
51067301,98
51068001,2
51069001,0
51069201,12
51069601,12
51070601,2
51071501,12
53001101,2
53001101,12
53001401,4
53001401,19
53001801,98
53002001,2
53002001,12
53002501,0
53003001,0
53003301,98
53003401,1
53003401,2
53003401,6
53003401,12
53003501,4
53003601,21
53004601,12
53004601,19
53004801,0
53004901,1
53004901,2
53004901,17
53005401,19
53005701,2
53005701,19
53005801,1
53005801,2
53006101,0
53006102,0
53006103,0
53006601,0
53007501,2
53007801,19
53008201,2
53008201,19
53008801,4
53009001,2
53009001,19
53009201,1
53009201,2
53009201,3
53009501,2
53009501,12
53009501,19
53010501,0
53010601,1
53010601,2
53011001,0
53011801,21
53012601,4
53013601,2
53013601,12
53013601,19
53014301,1
53014401,4
53014401,19
53015001,0
53015002,0
53015003,0
53015301,2
53015301,6
53015401,0
53018501,3
53019701,3
53019701,7
53020201,1
53020201,6
53020401,4
53020401,6
53020901,6
53020901,12
53021301,4
53021501,4
53021701,2
53021701,6
53023401,21
53023501,6
53023501,7
53023701,12
53023901,0
53024201,0
53024401,12
53024401,19
53025001,4
53025001,12
53025002,0
53025003,0
53025601,0
53025801,2
53025801,6
53027001,1
53028601,21
53029401,2
53029401,3
53030101,19
53030201,0
53030301,0
53030601,2
53030601,12
53030601,19
53030901,3
53031001,99
53032001,2
53032001,6
53032001,19
53032501,0
53032901,2
53032901,6
53032901,19
53033101,0
53033401,6
53033401,10
53033401,16
53034301,19
53034401,12
53034401,19
53034901,4
53034901,6
53035601,19
53035701,98
53036801,0
53037001,4
53037201,12
53037301,0
53037401,0
53038001,12
53038301,2
53038301,4
53038301,19
53038501,0
53038601,0
53038901,0
53039101,2
53039101,12
53039101,19
53039201,12
53039201,19
53039901,2
53040101,1
53040101,2
53040101,19
53040501,19
53040501,21
53040701,2
53040701,3
53041201,99
54001001,1
54001001,4
54002301,6
54002401,19
54002401,21
54004701,4
54004701,9
54005001,4
54005301,0
54005701,4
54005701,19
54006301,98
54006302,0
54006401,1
54006401,6
54007301,4
54008301,1
54009601,2
54009601,4
54012601,4
54013901,4
54014201,4
54017001,4
54017001,19
54017201,0
54017401,4
54018501,0
54018801,1
54019901,6
54022601,4
54022601,21
54022602,4
54022602,19
54022602,21
54023201,4
54023701,12
54024001,6
54024001,12
54026101,1
54026101,19
54026601,4
54026901,21
54027001,1
54029501,12
54029601,21
54030101,21
55000901,4
55003001,0
55005201,21
55008401,4
55009101,4
55009301,4
55009301,19
55011101,1
55011401,1
55013101,4
55013601,1
55015301,1
55015301,12
55015301,19
55016001,0
55017801,5
55017901,12
55018201,0
55018301,21
55019401,0
55019701,0
55019702,0
55019703,0
55019704,0
55020301,0
55020302,0
55020303,0
55021301,3
55022101,0
55024201,2
55024801,0
55026501,4
55027501,0
55027901,1
55028601,0
55028801,1
55028801,5
55028801,21
55029001,0
55029101,0
55029401,1
55029401,4
55029401,21
55030101,0
55033501,3
55033801,0
55034401,0
55037001,19
55038001,1
55038001,12
55038401,0
55039501,2
55039502,2
55039801,4
55039801,19
55040101,99
55043801,9
55043901,99
55044001,0
55044701,1
55044701,21
55045501,4
55045601,1
55045601,4
55047101,0
55047801,2
55047801,19
55049101,12
55049801,0
55051001,0
55052401,2
55053101,0
55053901,2
55053901,3
55053901,12
55054001,2
55054001,19
55054501,3
55054501,19
55054901,4
55054901,19
55054902,4
55054902,19
56000901,4
56002001,1
56002401,99
56007201,1
56007201,12
56009701,0
56010001,4
